8.482795676158803866e-02 1.581045334218281195e-01 1.979375561157872554e-01
1.425394675858975280e+00 4.556084805273142302e-01 7.872151714725143801e-02
3.061947119439044074e-01 2.215094239201918225e-01 -8.140115712818706273e-01
-8.295657259708354436e-01 -1.264729296929629987e+00 1.426598261707816562e-01
2.146976842847386102e+00 -7.325536393234003407e-01 2.784916382188347694e-01
-6.705252994166820413e-01 6.485360611990854951e-02 4.204074735904332338e-01
-4.904331496646477384e-01 -5.395517592189871259e-01 1.418993262801728328e+00
5.542571278473474861e-01 1.474933520152429088e-02 -1.147092454449531562e+00
-1.366696026685083387e+00 6.604082720056060340e-01 5.534953694573465643e-01
1.403233093536077614e-01 8.611082409954556871e-01 -1.394427524296905752e+00
-3.954713007910177353e-02 -1.322816104068003540e+00 1.258042543167350313e+00
2.062719509055442213e+00 -4.632802841791737181e-01 2.640728910088521619e+00
1.251654502863319474e+00 -2.740571081192896274e-01 9.684322679678945001e-01
3.957218161452637495e-01 1.347322332657483690e+00 -1.280019112597600150e+00
-1.087070242374512219e+00 3.646314569676760153e-01 1.473102730208843136e-01
5.206229610991851553e-01 -1.005124652428028842e+00 -4.034641087111641156e-01
-3.565996859655451434e-01 -5.956623379194114776e-01 -1.349274411205341639e+00
-5.262541210891913401e-01 -7.316289150549127873e-01 -9.254810451015538231e-01
-1.859504831087520849e+00 -3.936216120639114968e-01 -1.960790628936046387e+00
-2.290580218103366761e+00 9.372884767239165749e-01 -6.470163389167218337e-01
3.470725964850186473e-01 1.600761151503302115e-01 1.096887597274984527e+00
4.503112083913701214e-01 -5.046850783959859754e-01 3.784246459302759158e-01
-3.780186308357300073e-01 6.404319820938269014e-01 -2.476428949481223718e+00
6.348839327534042676e-01 6.390428711050734067e-01 1.159969101277431802e+00
3.167293810762450978e-01 -2.379183817178232019e+00 8.969438537074250206e-01
-1.386554663746407456e+00 -2.275466125854821997e-01 -1.217672384231113458e+00
-1.228483761278865938e+00 2.243072400496441965e+00 -7.137581535215600237e-01
1.177283264748273828e+00 3.920617303887446448e-01 3.613972823898846110e-01
4.581481507703261680e-01 -8.212930454321974993e-01 -1.350525828211209367e+00
-3.181163489663306754e-01 -3.299090204240760493e-01 -1.076654523966457777e+00
-1.045882178795113360e+00 1.062206194481272625e+00 -1.037167868481791766e+00
2.587085084117648481e-01 -3.575410969406780382e-01 5.079946010846927429e-01
2.455707453672890672e-01 5.964208431662065824e-01 5.647454453684487563e-02
-1.852114633900281193e+00 -1.237003498835080595e-01 -6.417975298090535796e-01
9.430088135847436437e-01 -1.512692751209021753e-02 -1.177030792334304410e+00
6.110654388311653751e-02 -3.005897915568340739e-01 -3.464590064223692090e-01
3.344169940719386447e-01 -3.520585410907816071e-01 -9.455570341417839364e-01
-1.320924714442559322e+00 -9.917514462633811312e-02 1.388965485539581657e+00
1.647233880189951094e+00 7.575232428000845397e-01 -1.966501970749786166e+00
8.359446425914939249e-01 1.001539617000450688e+00 -6.286038605182440175e-01
-8.260035230658233640e-01 -7.325923846883940493e-01 -1.357777827134093673e+00
-2.040884813766574157e-01 -1.014755378978483558e-01 1.302758382696991291e+00
-6.161395271510274885e-01 -4.199979459541406945e-01 7.024535771921994742e-01
4.162692310867217027e-01 -8.607549679076443860e-01 -8.451377430180212480e-01
8.071842788047373096e-01 1.548299485260004271e+00 -4.232020539057791408e-01
3.685542010479240238e-01 1.645051872810132931e-01 4.584982764977015290e-01
4.731551697435291137e-01 -8.894143339486876298e-02 2.449103677356409270e-01
5.358262438249499215e-01 2.025004377088871266e+00 -2.733957736253784798e+00
-1.080536010861070650e+00 2.826256673272070641e-01 -1.994589041533654905e+00
7.128496415288210208e-01 -1.444649946952754511e-02 -5.111266120648345623e-01
-8.717539574652822809e-01 -2.034845135183606102e-01 1.178273053885769306e+00
6.153632264963928566e-01 -2.518709425122346857e-01 4.392024781808296918e-01
-1.094351021313569650e+00 -1.066338581213122083e+00 -1.037124352351290524e+00
1.099910612279930699e+00 2.532115677289047406e-01 5.898174677733709625e-01
4.201769077275851472e-01 1.845045273247845063e+00 -6.919543933690082138e-01
7.924773583036043290e-01 -2.448094101990993199e+00 -1.180337492680682443e+00
-6.750440953442146119e-01 1.065303308777668656e+00 9.099608470204660626e-02
7.847279830315788685e-01 8.312991904727253800e-01 -4.329712475235221736e-01
-7.525575388611095429e-01 1.315351371374041678e+00 -1.741354635896593395e-01
-3.731050305267012424e-01 3.923978487769801404e-01 -9.790298354862233543e-01
-2.706885885217290566e-01 2.188013428454811116e-01 1.087507418027405456e-02
5.112428270447927359e-01 9.010466907987766394e-01 -7.278760106863655377e-01
1.279739624855026570e+00 -7.859959550739148426e-01 -1.083338855568378500e+00
-2.341397743065902204e-01 -3.032724332302905612e+00 9.567991603094481157e-01
-2.065783436550851504e-01 1.384348690099470591e-01 -1.113863347761904349e-02
3.083483843507447975e-01 -4.851930861605697753e-01 -1.267552673542428510e+00
-6.727574639040799775e-01 1.183447659808414043e+00 1.345026201550999279e+00
1.454995488397849535e+00 -1.750140728737543450e+00 -7.859380730843394947e-01
1.054537042431995086e+00 -1.200551164163751183e+00 9.350043961908280354e-02
9.423649153443146576e-01 -3.026777140533584015e-02 -1.122636069929872082e+00
-4.637812920981878584e-01 3.069347260228090235e-01 1.958705043579028304e+00
-1.584223106131894321e+00 8.277673124530251503e-01 1.958772425184717392e+00
-8.646333789417666171e-01 4.606878069488135052e-01 -1.901040850343661825e-02
4.256205949466361216e-01 9.049856352986133112e-01 -7.194625390832674050e-01
-6.377789567154162897e-01 5.433282694897613452e-02 9.861116740716510121e-01
3.108841489642032441e-01 -2.400222372754628672e-02 3.531972198769294802e-01
-6.747070904552123771e-01 8.126009739406120369e-01 -7.900475283958348360e-02
2.017627212696116168e-01 -2.982887898434010698e-01 1.612374486837095944e+00
-1.865699954246652914e-01 -1.836176340541956220e+00 1.213007562599706102e+00
3.937769040033837764e-01 1.948020451926228080e+00 1.742518885779249793e-01
-1.666627746074028860e+00 9.444354452342431649e-01 6.078127889089978142e-01
1.317298369736117358e+00 2.689477701003583632e-01 -1.628493549156954587e-02
-1.984371191481764385e-01 -3.660081660410442472e-01 3.890972328820211934e-01
3.844172272054784401e-01 2.528429995153163579e-01 8.072496483438541537e-01
1.859175150408952870e+00 1.006247666184365341e+00 1.155984289349916594e+00
1.093857981427793190e-02 1.128721289735825195e+00 -8.723911236413114390e-01
1.146320853146194363e+00 1.076716903899731292e+00 1.172202147351184415e-01
-3.278881271874303227e-01 -9.545738770383996874e-01 6.760060397219921358e-01
1.026112667503199516e+00 6.168869567338337578e-01 -1.306770673859889875e+00
4.652608993421729067e-01 -5.089271588447817907e-01 -1.091624150961605644e-01
8.679570209932034597e-03 -6.629379895327336403e-01 -6.528734382582559448e-01
-2.842983536329367067e-01 -1.833816558345936931e+00 -2.923567606285102372e-01
5.538341218212237127e-01 6.291929946912443450e-01 2.653804692429814760e-01
-9.369565299363274979e-01 1.268712735310682849e+00 -7.218852535386683922e-01
-9.149226421957834532e-01 -2.184548426279386391e+00 8.158141549445333540e-01
9.804897763566271518e-01 -1.162363144171834506e+00 1.568830375148650147e-01
6.581005753546208537e-01 1.921707904755061147e+00 1.549076279292333380e+00
5.675446125777531270e-01 -4.687649634783180863e-01 -7.472235968829507580e-02
-3.892697475735156787e-01 1.264959176885545489e+00 -2.743111319804177883e-01
1.068614894374984164e-02 -6.068576913303863618e-01 2.262337363718301408e-01
-1.462815063327286280e+00 1.183752372505499251e+00 5.632157054554560727e-01
-1.304928182900166433e+00 -5.794505036535460007e-01 1.128174431548922829e+00
4.144965530224108408e-01 5.606237910142672920e-01 -1.084529125498468138e+00
-1.073103599464307889e+00 -1.084434723578710624e+00 5.501600915972968409e-01
1.367147168332270291e-01 -1.116298805890555190e+00 -1.339436386407843127e+00
-1.558176003454134095e+00 8.695859757045378835e-01 6.993798981354230060e-01
-4.464462201775551420e-01 -1.659955486439642913e-01 -1.157978701455915971e+00
-9.387001895838441579e-01 1.676714214091318544e-01 -1.153770035306265346e-02
5.563280681383537818e-01 5.539429507194724156e-01 1.542170905622213040e+00
9.399037824353705800e-03 1.938910780956432323e+00 1.589131954131378366e-01
2.723456697352303335e-01 -8.482808404048494122e-01 -6.738106900387964560e-01
-1.146034972470534541e+00 -1.422878306022499206e+00 -5.708726377454826917e-01
-1.188313865379083012e+00 -6.978310459027138313e-01 6.835055688812427532e-02
-1.257797917044939373e+00 1.325251547027433308e+00 5.268164151837750886e-01
1.070830963993548934e+00 -1.094733497999599736e+00 -7.441750116637694257e-01
6.029761794632699790e-01 1.039124464479489474e-01 4.350070635142845865e-01
1.878412037497346476e-01 9.531830239727095977e-01 -7.082885360532173991e-01
-7.888875516150816170e-01 2.279663618936094593e+00 2.969859377879612017e-02
-1.075718796800092969e+00 3.451221480554984566e-01 2.689809359305575520e-01
9.913031442236884816e-01 -6.202971326931984164e-01 -3.050946282193348624e-01
4.967594810473729972e-01 2.945066687778157832e-01 -5.996137621800869816e-02
-1.097917669156687426e+00 2.016110529379948890e-01 8.233677539532150425e-01
1.648579411797361782e+00 2.011828802398986316e+00 -3.213644520089486978e-01
-1.764063568622991074e+00 -1.563943233144512668e+00 -2.104628474298237517e+00
3.254893115005346171e-01 1.452767691074547285e+00 6.013511555085466753e-01
6.748770809474875509e-01 1.429208353800115461e+00 -1.109776076915386600e+00
1.534054245593788335e-01 1.087734032512709170e+00 3.924334351310421742e-01
-9.648031727443643346e-01 3.335629339269382543e-01 -5.496925722135236336e-01
2.533181690736335256e-01 1.023857473313416477e+00 1.055077336637990637e+00
-2.118395568522349615e-01 -1.837673274834643822e+00 -1.489702863721215076e+00
2.019634537206150271e-01 -6.763503232332105375e-01 -6.705127044375293055e-01
-3.150303566300976521e-01 1.103692799476314601e+00 3.697227230540877652e-01
5.137178347572968207e-01 1.331456771032876185e+00 6.641409604521719690e-01
-5.015087127223145647e-01 -9.672553380640913634e-01 -6.686424071398081037e-02
-1.299298568489184680e+00 7.513015626479055964e-01 -4.989153003110640139e-01
9.096151543794219752e-01 -5.637456905194918599e-01 -1.159406309260598400e+00
9.767118767650856404e-01 -1.614302632059471332e+00 1.486326992792488533e-01
8.391436201517444848e-01 1.659098690695257616e+00 -1.273008428588876084e+00
-1.602292504571467102e+00 -3.837810164263816270e-01 2.286045444337025057e+00
4.418308295467665570e-01 8.352760593813097767e-01 -2.448025566263171970e-01
-1.085377497211733600e+00 -1.822062179873529697e+00 5.537916711533076297e-01
8.931050867792493797e-01 1.378234368123371911e-01 5.874083856039996610e-01
9.457665258228370453e-01 2.134643868399483502e+00 8.341740792524992010e-01
1.014265801382936427e+00 1.410765928064327823e-01 -4.738781910441038914e-01
1.817736892989123110e+00 1.225212690915844060e+00 1.723680903004931819e+00
-1.426770071051760125e+00 -6.499689828661132651e-01 2.435495030901773661e-01
3.869795473324589286e-01 9.835297520760516443e-01 2.107704768815076013e-01
1.578074965474842051e+00 -3.348879950633831259e-01 2.575941530397301005e-01
3.184175550933959764e-02 7.401054696350257700e-01 1.140799871913414254e+00
2.729988107969855485e-02 -1.066999520523348455e-01 1.201713834246307178e+00
-7.011425936770387946e-01 3.743938583024884470e-01 -1.525262004389389969e-01
1.109198886967813991e+00 6.097209108649729314e-01 -2.000998186314378646e+00
2.658603152949992054e-01 -7.807687408232443227e-01 -8.916140815956091759e-01
1.211796862852077883e+00 1.433123879214238949e-01 -1.743207037808717219e+00
-1.032332694746352919e+00 -5.736228232899094337e-01 -1.427125347467510519e+00
-8.308009975303227712e-01 9.271561957724202552e-01 4.094643263134760125e-01
4.212642462553477934e-02 7.707221521893985183e-02 -8.917037809738495024e-01
1.937496132235491386e-01 2.820178494135827107e-01 1.352186615384866952e+00
-9.487964115150595568e-01 7.747349364498736790e-01 6.282556844439712851e-01
3.695748672011424651e-01 8.146221034693417185e-01 -6.597293730916858889e-01
-2.781558942586288552e-01 4.233319774491553500e-01 -3.973050709518445578e-02
1.271852953503163963e+00 7.486427552554271170e-01 9.386997793208788909e-01
5.536321538432455169e-02 -7.617781323241374913e-01 2.581885033901336057e-01
2.632456171899799635e-01 2.062416547351894280e+00 -7.027713590181022818e-01
-8.949125262172712425e-01 1.719819805080268438e+00 1.658466126380858219e+00
-1.675015168474769833e+00 2.486361567922450444e+00 2.378782913926542064e-01
-2.324600513886314612e+00 -1.609753990318469219e+00 1.777800375790770326e+00
2.009216442838472449e+00 2.466797844092807612e-01 1.200891458645137133e+00
5.954903022737846330e-01 -3.230100502868110124e-01 1.973034328882956601e-01
1.485751317193254817e+00 -7.585616047241398041e-01 -2.708154007187083545e-01
-1.467976748105588036e-01 1.447979604801790776e+00 -9.490808505852189603e-01
-1.561793514645756220e+00 3.390657689780557371e-01 1.423661162767093424e+00
-1.138019632254152924e+00 -2.043538153952931591e+00 1.376144197909879408e+00
-1.181884437903763407e+00 7.094400307498930358e-01 3.671324487979841372e-02
-2.404419465799525035e+00 -1.030314966979910984e+00 -5.571642608934270768e-01
6.854454993916631045e-01 1.535246930154654299e+00 1.354710473367401746e-01
-9.514877004810342598e-01 -1.294710974297208939e+00 -7.344532644923110754e-01
2.970664038185463207e-01 3.212911627029608197e-01 -3.853302646068751391e-01
1.450504189128132004e-01 -1.176074282359391709e-01 -2.989330490800955475e-01
-6.676533955241732432e-01 -2.034632366386835700e-01 1.230208128535618811e-01
1.268999487431569095e+00 5.872119930621465533e-01 -6.002192627773380446e-02
3.114721688829862889e-01 -9.408216833608733509e-01 1.073159476600531015e+00
-1.531091024773717058e+00 7.819038286580047570e-02 -8.589972380789350215e-01
-8.728336584796581032e-02 1.979975422288848597e+00 1.184605210517024387e+00
2.965665875430277265e-01 6.968134172948784455e-01 1.132406775662293530e+00
-5.019615354930018203e-01 -5.447493065114069610e-01 5.757910790457847483e-01
3.348380329357932284e-01 -3.689418086864084678e-01 3.073589348791700426e-01
1.273243109778020354e+00 9.926577780634593395e-01 -1.265527000398335211e+00
4.436068463635522985e-01 -1.698714950751488706e-01 7.664069660843900733e-01
1.103516107181421901e+00 1.522687887466728229e+00 6.273141388245698225e-02
1.921276375268888836e+00 7.469103016136638962e-01 -4.180279732865049835e-01
1.663042036114093181e+00 -2.967857952841305158e-01 6.396671795212444112e-01
3.513239789408804103e-01 9.725311691527233071e-01 6.918161901453250273e-01
1.630575576996290410e+00 -1.498644062278341016e+00 2.092972984215166754e+00
-1.536231669180343040e+00 1.382688626856270586e+00 2.022905948675237930e-01
3.928915750715301219e-02 -3.235815188359322803e-01 -1.588346585739325523e+00
6.306676034863520908e-01 3.718579997913351587e-01 -1.560787645836580362e+00
3.404039881028518844e-01 -5.564532630865022256e-01 -1.254510716742542886e+00
-2.718018071461142382e-01 2.935963999301489102e-01 -1.274147669952805373e+00
-2.106734536348477516e+00 1.785338551413230723e+00 -5.488358406117764821e-01
3.651190695690948590e-02 -4.425295239221949672e-01 9.477101032365387034e-01
-1.249819436252942451e+00 2.508512001631608146e-01 -6.060897530214089945e-01
-6.183847787925756956e-01 -7.785908701337910243e-01 -7.362210801367583546e-01
8.311900922493145050e-01 -1.615124881431999060e-01 -1.620076085359501761e+00
-8.500232119721329305e-01 2.132253664078072042e-01 4.292385309887034039e-01
8.430751977481538706e-01 9.701905743504622703e-02 1.087653559494867750e-01
-7.682424012073579833e-01 1.227058468665058966e+00 -3.475325018604145111e-01
1.946417381122371948e+00 1.290668277654760443e+00 -1.005686264119838233e-02
1.047851300397230956e+00 9.355240763831854656e-01 -4.817302817845959262e-01
-1.114299919716451592e+00 -6.198803351317080934e-02 6.034328674126426817e-01
7.408621780795270340e-01 -1.675325400166560175e-01 2.127456191541426289e+00
2.269628592685609902e+00 1.448541122800891756e+00 4.334403048436143990e-01
-2.648848206339752487e+00 -7.780890210222640713e-01 1.149254070800828753e+00
-4.872276390709890381e-01 3.901125321293033021e-01 5.085190963669585784e-01
-1.280444808199462825e+00 -4.524571066064730362e-01 9.835842248139060884e-02
3.378666471104635471e-01 1.014223726047744023e+00 2.229744972026217020e+00
8.791572310084050379e-01 4.730171955648717619e-01 -1.687855848713208706e+00
1.953047054309221264e-01 -1.212766484514847670e-01 -4.988437478891126209e-01
7.408374004284954024e-03 1.158750741594466671e+00 1.366587882895978101e+00
3.318942101859953531e-01 9.788945827107221609e-01 -2.510542533279180866e-01
-1.063928977905883366e+00 2.631290645619108748e-01 5.365297001706351709e-01
-1.011926344378986986e+00 -2.140957314945307388e+00 -4.342587595527955258e-01
7.764534933601049405e-01 -7.483704768959082987e-01 1.446640848418007108e+00
-5.400846205037497239e-01 -1.164878666859384015e+00 8.924617637139989901e-01
1.508179009998053210e+00 -4.752996256363017924e-02 -5.337187912919473254e-01
1.014712531519388117e+00 -7.152392359995989324e-01 -2.748968454715304821e-01
-9.592693879629755616e-01 -2.398735610438327726e+00 -6.191233906817839028e-01
3.704930381012156992e-01 -3.644122256468110832e-01 6.738163441388754782e-01
7.260591566389299478e-01 -1.558357899950548964e+00 -2.367600546748587664e+00
1.943861061163536519e-01 -3.105482042829662004e-01 8.863651887716744726e-01
-5.885525542026937007e-01 1.406450146160057035e-01 -1.662519493082883937e+00
1.040025173944060244e+00 1.692453389588825630e+00 -2.108065238249100304e+00
3.108625850466945284e+00 -1.341598124254895108e+00 -2.767362241113483501e-01
7.070054288580883417e-02 -1.562949998518586292e-01 1.301469784541154251e+00
5.216619957976214028e-01 1.362110498530362701e+00 1.671133796166816010e+00
1.617039910611850484e+00 -1.967119370449044724e-01 1.371235733148096880e+00
-4.567564930950834268e-01 1.416067537839171386e+00 -1.422245167042855085e+00
-8.501007560914501937e-01 -3.372389414598498270e-03 9.284611633340328352e-01
1.567138690762372999e-01 -1.009052766190130734e+00 -5.425720653296384199e-01
-2.171118563755143338e+00 -5.452399685951783148e-01 -2.516102578044054905e+00
-8.498667857822119753e-01 1.111455653132415788e+00 1.135286948781689231e+00
-9.046540578338509997e-01 -4.442390018917075634e-01 -1.106383858535360032e+00
1.017838550428658673e+00 1.464831524303963350e+00 -1.257259864378106995e+00
-5.129362258672731656e-01 -6.129465517115858519e-01 -1.716544426657715450e+00
-9.029009407892184536e-01 -3.557067570070939211e-01 -3.256694152028628553e-01
-5.129664854074180713e-01 1.550948273861068039e-01 1.315749229016224042e+00
-5.560080805136781157e-01 8.553899142538018419e-01 -1.448453488245231791e+00
1.228437199578758188e+00 1.149264607367353808e+00 1.853206938453023422e+00
-3.597559954901616841e-01 -4.640402510982560846e-01 -5.456040124056253937e-01
-9.786801984061023196e-01 1.431619704889761202e+00 -2.112894956962960424e-01
7.234894696026303862e-01 -5.123825079371415736e-01 5.002915015405836607e-01
3.996226446814298838e-01 1.119919043766720801e+00 1.604449577196325638e+00
7.671803102458699675e-01 -5.005958697293612092e-01 -8.490990352141369879e-01
-5.994648188346505258e-01 -1.458235939714969120e-01 1.848680120171581009e+00
-1.366174990157996483e+00 -2.208860501641360496e+00 5.329007065915513097e-01
2.732411458608077215e-01 1.649455001486557770e-01 -1.390876752469381250e+00
-5.492977510795155061e-02 -3.280569383727198751e-01 -1.492709065128846158e+00
-5.262555209857316951e-02 5.953233800643311646e-01 -7.458519677892246902e-01
-4.726113894316660846e-01 1.257298518734367043e+00 -5.911197093995725904e-01
3.545433118968682740e-01 2.974067974558324834e-01 1.928144490972809821e+00
9.402868380530574055e-02 -4.135801040189968636e-01 -1.505398689895537157e+00
-1.825189607705259842e-01 1.495855821119887352e+00 2.996578435087151160e+00
-3.584980257626965150e-01 -1.609337200553450531e+00 -2.762229063961318509e+00
-2.429610197581952846e+00 -5.632252399870906201e-01 -2.765935185031601629e-01
1.228727090817452350e+00 1.142025700838138036e+00 -3.826077906692888497e-01
7.613403433584586821e-01 -7.567503424589359096e-01 2.686156486545320798e-01
-5.903079400793140308e-02 8.442487480074994943e-01 4.302309285451087484e-01
2.312536572525599521e+00 -8.830467437833571243e-01 -8.913418403709063575e-01
1.219390178597624663e+00 -2.290392488558519735e-01 4.159006964387333416e-01
-5.341824512156384541e-01 -6.351763567335652061e-01 -1.719881175394770256e+00
-1.590653610616942215e+00 -7.266158297315599146e-01 -8.559848324401255759e-01
-1.078683943900472286e+00 -4.686451610768488374e-01 1.515706697605794462e+00
-1.153946175063631729e+00 7.448371402017440746e-01 9.344241977165089752e-01
5.248069819914673584e-01 -1.732706181024375125e+00 -1.038808798394519561e+00
8.318879215338620403e-02 2.237298107647480161e-01 1.525892483061321414e+00
1.468342726061758530e+00 -1.427594596269784466e+00 -1.820943055076816863e-01
-1.191201936492076285e+00 -3.050000485505045544e-01 4.247060685263386731e-02
2.998832382414680087e-01 -9.208906083841249257e-02 4.759040040512936831e-01
2.033936070848840483e-01 1.214365547183829053e+00 1.722177450047644165e-01
-4.084114838118372282e-01 -1.109903832174447214e+00 2.315449382042396920e+00
-1.253702672081904224e+00 -2.613238325252733585e-01 6.837426316045192021e-02
1.034946914547550501e+00 1.112684532453390940e+00 1.377624615114825257e-01
2.030130958649010164e+00 -1.196058923942658003e+00 -2.883960018540296932e-01
8.843776007297906583e-01 -1.818071502828299879e+00 -1.433523385695348873e+00
6.711474540364780195e-01 5.439783186310608309e-01 3.875978421178166711e-01
-1.208416563180791048e+00 -4.632674214269498214e-01 5.559868171723074681e-01
6.093498076064182145e-01 1.676629221882180776e+00 5.478080387137680418e-01
1.500542157872768234e+00 -1.022580659387283930e+00 6.208858481413406238e-01
8.759700539742428793e-01 3.156319770964908372e-02 1.003894243896867211e+00
1.493577370329466913e-01 3.681945975378889679e-01 -7.736899786830774284e-01
-2.884780443338772482e-01 -2.292639191649826613e-03 5.591426489944860689e-01
5.845323870663360344e-01 -1.582741972885469695e-01 6.045897263790478426e-01
-1.015766263628341326e+00 -1.089881462593792927e+00 -4.435717764644605543e-01
-1.392160588477718397e+00 -5.540536491942222863e-01 -2.736448701253784560e-02
-1.693121804904612615e+00 7.010492829527075198e-01 -8.136292068810023759e-01
-2.952695208771090596e-01 1.095480119846124811e+00 3.893571676992126918e-01
-8.444947870716209559e-01 1.460890176983859756e-01 -3.411576356272690846e-01
1.202735982371339052e+00 3.638977175994035917e-01 1.917177860007058809e+00
-1.689049992748518081e-01 5.576542434089315492e-01 4.661068755064868840e-01
8.321082024121218002e-01 2.013593046452846202e+00 -3.053792912176194752e-01
-2.229625069410873461e+00 -5.818913517766992616e-01 -7.263865622495138119e-01
-6.264721294690218656e-01 -8.789198750953725048e-02 -2.664906372930758938e+00
-9.554526325166298184e-01 -1.217354285357273858e+00 2.241252777822008158e-01
8.016043674286522647e-01 -9.085540527598398031e-01 -7.841959496985173583e-01
4.934723286056267311e-01 1.393386814517117711e-01 2.323529323063295571e-01
2.889031941443274132e+00 4.874430399777298084e-01 -1.504702533726921310e+00
1.984641229799352535e+00 5.450555714550613384e-01 7.827117661594950038e-01
1.473247266047892801e+00 4.443565024075885606e-01 -6.671115955022564048e-01
-4.114543973419884648e-01 -9.593100654460241516e-01 4.060424548486116225e-01
-2.713455603028943841e+00 6.116041110143992654e-01 -7.652865154566318440e-01
5.896758639671741964e-01 -4.941342217886671162e-01 -7.001315033325540560e-02
-6.629808994731849203e-02 -3.112701495493797599e-01 1.210368597669235102e+00
-2.851495587400859066e-01 -2.282092484663097665e+00 6.839463052669658705e-02
1.693482372379754519e+00 -1.056978509016846202e+00 3.234821450450837688e-01
-3.052875859813727111e+00 -1.849032644519601254e+00 1.251133293443099648e+00
-5.028570591651843058e-01 -3.513805746618590686e-01 -4.439292710370387196e-01
-2.073114381809392448e+00 -9.329816630847251879e-01 4.597047726749967644e-01
-1.273086828460049835e+00 -4.530603451089541545e-01 1.066654985094365626e+00
4.067532494766993856e-01 2.641522889794831186e-01 1.140539615614275304e+00
1.001652002100386296e+00 -1.390162287616794501e+00 6.335429527139309069e-01
-2.981228109448322283e-01 7.456415119213263276e-01 2.678718416425421633e+00
-8.346949035959708718e-01 9.173230478445080216e-01 -1.272662351165483541e+00
1.649327117758152994e+00 -1.776327581858015703e-01 -8.428074235780015355e-01
4.664922811812109438e-01 -1.973484527708834757e-01 2.933920101783903389e-01
9.305305119388114221e-01 -1.714585829770548520e-01 -4.534473664044545438e-01
1.109987005132504256e+00 6.009007296067162551e-01 4.917131079057365239e-01
1.340943515414366960e+00 8.579861119312315321e-02 -1.374789869401561893e+00
2.572933437520247946e+00 -7.529197504096203364e-01 7.956485133932296450e-02
7.523305539981138823e-01 -7.967575289344026590e-01 8.550525736158328671e-01
7.079759339828206599e-01 -4.892599694810891853e-01 -1.010146511701348393e+00
3.691318741688640048e-01 -5.996313560729527037e-01 -3.414643049994168789e-01
5.967511229819200125e-01 -4.419730331736508866e-01 -2.021191278906280697e+00
-1.999684122644993303e-02 1.482619857476229486e-01 -8.336942471774168029e-01
8.595398125754893232e-03 -6.079262526747731821e-01 3.052520967727149759e-01
2.447594322146146584e-01 8.602955998681776073e-01 1.292643704364147883e+00
-2.275652235174641991e+00 -3.001869652756337103e-01 1.254456326718302206e+00
1.209680215702204187e+00 3.785252419630910636e-01 2.568647508794765777e-01
6.999898643243160912e-01 -4.125787985000544111e-01 -6.038651801935288610e-01
3.135973656896653972e-01 6.727401212188444113e-01 -1.432670740678008592e+00
8.220686890159106808e-01 -1.281880331686569008e+00 7.909519847393418068e-01
-5.458835221750099054e-01 -1.532361305029253273e+00 3.781196299378093428e-01
-9.668102666352371699e-01 -7.350167078235845253e-01 -5.616613973614457134e-01
6.027057511544084978e-01 2.244651403059734651e+00 -2.451952293966155050e-01
1.153813955191718144e+00 1.672375186200832475e+00 7.173854206237159636e-02
5.756796918615515457e-01 7.211085554216341009e-01 -7.654766854828006784e-01
-2.976791895746085381e-01 -1.877780480282619791e-01 -6.802534556619077577e-01
-1.526061504949035585e+00 -4.731635474306041256e-01 -2.838172784871258458e-01
9.228652371079085759e-01 -2.496761458960265190e-01 -5.668099506693486944e-01
5.889805791298072801e-01 2.477491892997436274e-01 1.387391056557021107e+00
1.363502610827134864e+00 1.500175420738567578e+00 2.337342167677353699e-01
5.294481368692572909e-01 6.624397586095591706e-01 5.774669538918325573e-01
-3.809108338862856602e-01 1.434110893634623185e+00 2.155935023572589593e+00
4.791041291675057767e-01 -1.166721288020024616e+00 -3.697225612798009098e-01
2.309804508209644391e-01 -2.211587039282364220e+00 -2.944653778756112228e-01
-1.422220393588928156e+00 -3.580143357900680279e-01 -1.316285581259623472e+00
-3.939096443025432714e-01 -1.245318939167389560e+00 4.693674126733420882e-01
-6.285076259940347576e-01 2.418265227245655069e-01 -4.864655790166484417e-01
-5.117806137878007089e-01 -1.369973392994972006e+00 -7.522959202597230277e-01
-2.705772801833264962e-01 4.361803797137869254e-01 6.531435598814111509e-01
-9.341090446380178047e-01 -4.956939648920603569e-01 -1.379740964249437818e+00
2.448079481520140654e-01 3.134321487217721636e-01 -2.579897864572919808e+00
3.308891388869114047e-01 -1.661783114038034581e-01 1.676568957479756206e+00
-4.225154379471114385e-01 1.389837502388435730e+00 1.334124685289246104e+00
-4.122929275630666801e-01 -1.103754863493136895e+00 6.731071344693034808e-01
1.862154456993431850e+00 -3.248598044593874468e-01 -1.840105306374722360e+00
1.406474805130238925e+00 -1.454155521060748413e+00 -4.052529274016939964e-01
-1.081343005939854773e+00 -1.641049077802063660e+00 2.286923374383585283e+00
6.063637283646118314e-01 1.314655800404423536e+00 8.186702381745392110e-01
-4.775909117585321328e-01 -3.371782444601404971e-01 -7.200726225123799118e-01
-3.794181558667817367e-01 7.172782933970818509e-02 -5.592625220856156654e-01
-7.490699741284052582e-01 -6.373289153345579328e-01 -3.617819731048198539e-01
-1.485085924713901662e+00 3.065945620073544098e-01 -3.049092945724270476e-01
1.190507616624700393e+00 -1.921225067888341909e-01 -9.835179482913851690e-01
-1.930313893844398887e+00 1.456073428127912517e-01 1.999037976962305452e+00
-1.229132337086354387e-01 -9.223005292261149402e-01 9.758904576310666323e-01
2.257568487392735135e-01 -3.391336464601363843e-01 3.832526078585398732e-01
-1.658611212103079824e+00 1.494106492236890960e+00 1.531079258354060668e+00
8.443583668268875853e-01 7.502056356059753073e-01 -9.452924005585412459e-01
1.953463193467028791e-01 1.951611947848673478e-01 4.798466880488516662e-02
-1.812041260988218883e-01 -8.660531529418271646e-01 1.020719841004582296e-01
-5.151829316260607694e-01 2.383855223675300783e-01 -1.170641233670763004e+00
-2.957834747049695179e-01 -2.126035718322578649e+00 6.739632867597262766e-01
6.438447458161659087e-01 9.868714827166387149e-01 -1.976111107865833882e-01
-1.882540990499124822e+00 -2.806810485174633385e-01 1.273124090363700667e+00
4.614087765660861429e-01 3.912702308566578385e-02 6.967313975951396898e-01
-1.432015751308327367e+00 2.130085416573701540e+00 -5.740591004414088427e-01
-1.069763788608052990e-01 5.728538334285281364e-01 1.431804768982919196e+00
1.114062781154690818e+00 1.138543811307238585e+00 1.160310643837429767e+00
1.038257541887542157e+00 9.794830195200294742e-01 9.033457196749374862e-01
-8.908593690988561020e-01 -3.495398251239192344e-01 8.773776612195083313e-01
3.069215808612971719e-01 -5.881693928514145769e-02 -3.836918142506830498e-01
-1.278139752554815045e+00 4.466375013852492970e-02 -1.469320828216907682e+00
-7.095119720974030209e-02 -3.664288433958543534e-01 6.666101770471007937e-01
1.271253600831320663e+00 -2.315497039270662805e-01 8.805341848970178464e-01
-1.863601769426144195e+00 -1.873631960762608628e+00 1.010124240583081257e+00
1.742952500650252201e+00 5.987383011687797546e-02 -1.048328521103439659e+00
7.267157122227648758e-01 -1.526517644620053182e-01 -5.841557382965812950e-01
-1.327283971488352865e+00 -1.615217779292996703e+00 8.050587847872306968e-01
1.780034136973992931e+00 -5.707895796630424456e-01 7.338417590203135665e-01
6.498701894863356809e-01 -1.338211462840232846e+00 8.543809469075112073e-01
9.024283269888825343e-01 1.768143241667933518e-01 -8.724720993928980484e-01
3.036425853406845010e-01 -1.052643604182524673e+00 8.324659569232732981e-01
-4.415390668719398198e-02 4.144697590967206247e-01 3.947314087148759421e-01
1.163962783361027098e+00 -1.571626264990933219e-01 7.238787142992049173e-01
-1.146806094193249193e+00 4.985564824217889046e-01 -2.464136181367393874e+00
-1.707553579210681516e+00 7.285655058092644909e-01 -9.074814830497683893e-01
-1.974894702278955361e-01 -1.102902336338033029e+00 1.540824331556765570e+00
-4.587479569893057607e-02 -1.681279140748064560e-01 1.116041383328204573e+00
-1.001038509453900494e+00 -1.699327821786086101e+00 -1.683495176448949859e+00
2.268806936583991907e-01 -8.779620844805966495e-01 -7.383464695656417609e-01
6.985126647395493160e-01 1.116981164428261855e-02 -2.359750086723749085e+00
9.654404474699227467e-01 -5.788056371927295940e-01 1.935128821342472494e-01
1.314092531801786423e+00 8.536024450284279697e-01 -1.196535762303516659e-01
-1.656611215742275767e-01 -1.224872259209764946e+00 -6.958429179323966096e-01
-4.664640346324873121e-01 -6.671611294015545868e-01 -8.870143635030462992e-01
-1.408363736288359702e-01 1.534161448950596363e+00 -8.611734318758691442e-01
-4.144934470344458499e-01 7.759374021780036657e-01 -1.767902649557499206e+00
-8.529144735364233010e-02 -1.909196177981970610e+00 -1.421767803994169910e+00
1.018042190068510155e+00 -7.430053948083006898e-02 4.833739553215292695e-01
-8.855602019712618955e-02 9.740200133491284940e-02 2.196654778610427627e-01
-2.691263430577758940e-03 -1.179338533225944285e+00 1.114138447690621536e+00
-1.424003022246154826e+00 1.914278650783720837e+00 5.221203829558883625e-01
-9.199649956169817511e-01 -6.907723329124333400e-01 -1.335562591176657210e-01
1.958190183923110173e+00 7.705613279436182017e-01 -3.220161837116382042e-01
-4.526947231854752118e-01 1.022416729874610741e+00 -1.363327437500323924e+00
-2.246749836318453042e+00 5.243328229823450704e-01 -6.336585540938122207e-01
-2.447828899470850250e-01 1.799235744545994997e-01 -1.736687784687933611e-01
-1.223345707385895320e+00 5.666187275006725477e-01 -3.592680786774832269e-01
-7.366578297954500254e-01 -1.015377680271047689e+00 -1.820942523932353785e+00
4.561289325708903220e-01 -1.023049978127192450e+00 -8.455532972741235387e-01
1.403173672823188278e+00 -3.213167211097290865e-01 -1.096178883189278030e+00
1.184402860077444775e+00 -2.287882042099353974e+00 3.353608463347453883e-01
-1.698061096242567736e+00 -3.972491797924877499e-01 -7.772156325924733933e-02
1.755612307335388422e+00 2.437020209169047824e+00 -5.495546834017696058e-01
-1.661922416555687620e+00 3.442278318347417043e-01 -1.047043043700116360e+00
1.720752440705965780e+00 2.851922874992880441e-01 -1.015743447061811633e+00
-8.914573788370333540e-01 -2.046785627103603900e-01 -2.264739958552440591e+00
-2.526403812098308443e-01 -1.043376210069949656e-01 1.366288689764120434e+00
2.686968211557580144e+00 -7.239416240941762837e-01 -9.750148465489094640e-01
6.237184094726364592e-01 1.374693255315974083e+00 -2.482991077998701446e+00
1.877534376524911286e+00 -3.662404437173354954e-01 -3.831785697057547568e-01
2.695864554875745389e-01 3.180190622144592472e-01 5.671831570132848110e-01
2.445882482158087345e+00 -9.006607259325253301e-01 -8.817368423771357877e-01
2.451298660828745979e-01 -8.848814074800890328e-01 -2.763285685178051287e-01
-3.413693110146124865e-01 -6.083706016271031025e-01 9.479557540378670544e-02
-2.134596599596009447e+00 -6.616203343607055531e-01 8.201520369213993744e-02
1.331809118161110472e+00 -1.492409158703442706e+00 1.130610967234504827e+00
5.002795842820628724e-01 -6.100548181021347299e-02 -1.502077598421080129e+00
-2.479634725772910109e-01 -1.459586486851451870e+00 1.243734860696216193e+00
1.701571240707387744e+00 8.190395532160102410e-02 1.455398452586820657e+00
1.724530688696699787e+00 4.958851617146033952e-01 5.447531906894165221e-01
-9.903948985447246223e-01 6.972448763663040561e-01 -9.191270624901725084e-01
-2.958281134690387559e-01 9.013220874439434871e-01 -1.215332417343830240e+00
-1.309749736007024490e+00 1.749988928839609992e+00 -4.844576126694186136e-01
9.467730080478106158e-01 -8.375850398584301360e-01 -4.307408507246506257e-01
-2.738369302566900365e-01 -8.460094188469262644e-01 2.898493257467358308e-01
3.500043978959775925e-01 1.150622699496691936e+00 9.343375416005598177e-01
-4.509982957484698352e-01 1.423434996144398834e+00 9.605546010050072248e-01
9.301593253503239733e-01 -4.457003765996900291e-01 1.013723824893887127e+00
2.446724382992776503e-01 -6.794758262929557757e-01 -4.757482643005681716e-02
3.798444284809063265e-01 -5.102980627955845394e-01 -1.483079377719417891e-01
1.324301711610659460e+00 -1.454711018020462543e+00 1.550628071224187943e-01
-1.603463980510700104e-01 2.515103096754003342e-01 4.497178130966927312e-01
-2.266282272298727918e+00 6.569467645026174640e-01 -1.004209511049357850e+00
9.304686379735055413e-01 2.316219939195155675e+00 6.740308292648420352e-01
4.687923742781406333e-01 -3.659071846809742179e-01 -5.301699646083880835e-02
5.192887922719783278e-01 -1.621820446915508696e-01 -1.776792224055340208e+00
5.364228874321884666e-01 3.707888048592005159e-01 -6.115243218250195900e-01
8.274016787561986330e-01 2.825712194138307320e-01 7.625497494410259092e-02
1.219568039529835612e+00 2.266101503412528473e+00 4.399783356524720745e-01
1.078507810436526437e-01 3.389046632291186634e-01 6.190547130185681812e-01
-6.891808109664686599e-01 2.024315106205827330e+00 3.564044631637728333e-01
1.286971179558138223e+00 8.796209371257697196e-01 7.658638749170156856e-01
-4.381405792803563237e-01 1.481318137148987635e+00 2.263913072810156968e-01
-9.035902107421379670e-01 -9.842995263643561366e-01 -4.125452386516519354e-01
8.932768945921318871e-01 1.538716784064477761e+00 1.060007557247500509e+00
9.892634410036664772e-01 -8.844768297742706675e-01 5.028989693334777467e-02
-4.937523536921200606e-01 1.325686579669245857e+00 -8.001206273805847036e-02
1.108512734768077213e+00 -1.167431463889435195e+00 -1.160905673583306319e+00
3.139774276326623426e-01 2.747684382564119954e+00 8.040291007741797724e-01
1.898434008621339375e+00 7.001858144586383670e-01 -7.657659566568170151e-01
9.948217447131547583e-03 2.389653060092604142e-01 8.626626980593504745e-01
-2.416653702956482810e-02 -1.648960878444425404e-01 -1.284664638665114156e+00
7.498790318770630348e-02 6.748563993723606658e-02 2.306510978067917161e-01
2.216565769947954401e+00 1.332546189282966531e-01 -4.008834205401430317e-01
-4.798588221149699962e-01 1.277463090962530357e-01 -8.972969358412202778e-02
-2.329955274586424929e-01 3.348482193003228247e-01 -1.398569158665564860e+00
3.236645264352026596e-01 -1.061107790407974205e+00 -5.598346472999559120e-01
4.963116720932110870e-01 -4.161180340665509569e-01 9.587006770603544448e-01
-1.092801904805025703e+00 4.551570872365985898e-01 2.305610312935601147e+00
-5.286084916911395482e-01 4.821301556597724219e-02 6.944591345343512634e-01
-1.613780814023526577e+00 -3.934030006293728343e-01 -1.852632824210509677e+00
-7.880209423662636326e-01 7.081379977193147379e-01 -4.677924054552073385e-01
-1.532754059396183866e-01 9.056951399433440519e-01 4.173043772912999883e-01
-5.656934845267468370e-01 -3.306035845493773828e-01 -6.892808932758189844e-01
-2.195010638967544558e+00 -9.937985105465209079e-01 2.061030788218392917e+00
-2.389205508057586913e-01 1.063040086771442683e+00 -6.054610360120023238e-02
-1.173558473111858680e+00 -2.558142398719988053e-01 1.285073593717118490e+00
-1.024386516268257274e+00 -5.991159788717164147e-01 2.856653214639006677e-01
2.431186770701838917e-02 1.761724234321148996e+00 7.308213560626532213e-02
-2.247835307159821994e-01 1.079356154953268643e+00 1.833877177850721463e+00
-1.029086843131189755e-01 -9.079187592151586328e-01 -1.203366268606534506e+00
1.565131067678182386e-01 1.737182007479590951e+00 -4.973244235427990434e-01
1.728164004236884821e-01 -1.681534376129071751e+00 -1.570533116649162064e+00
-5.811448335142740396e-01 5.879277825198815366e-01 2.769741791350586180e-01
1.085115115043151501e+00 1.050578517953142832e+00 4.303915667481720275e-01
1.999638044469197462e+00 -2.450532977779051047e-01 5.334083549564549998e-01
-1.296369871070551127e+00 -1.611613062582414324e+00 1.062940354735080417e+00
-1.222746410835883424e+00 -6.447964288540920519e-01 -1.288609596014774539e+00
-1.855640989570483124e-01 -5.566449137247672097e-01 1.429798657159245812e+00
-2.157301283543231030e+00 6.464922288033936315e-01 -1.847026424747686191e+00
-5.694384441922335505e-01 -4.269217284842034832e-02 5.419106646128661886e-01
-2.275059844697326028e+00 1.912669828298943150e-02 -1.933732138154448332e+00
-9.337421694212293399e-01 9.636759078428716041e-01 8.089101346536408110e-01
-1.312401681321465619e+00 -6.488295775254427911e-01 2.466285644671036281e-01
2.659959685982706823e-01 -8.144525475433418427e-01 1.203769739950083295e+00
-3.828041880157241339e-01 -2.801835724464656896e-01 6.783439950404842600e-01
3.447961973181931095e-01 -1.340123057207456725e+00 1.288683455047461734e+00
7.969345885095353577e-01 -1.179934796757810878e+00 -5.946459670044180745e-01
9.318176767180152975e-01 -2.380381809720120423e-01 -1.589023386066469756e+00
-1.180450993478889599e+00 -7.659551870254434069e-01 -2.005329262263423562e+00
1.175149163847375000e+00 -8.591255182310307825e-01 2.028888099733638484e+00
-2.344392757332819655e-01 -3.851612995991288702e-01 1.133438983018289159e+00
1.300239435732891025e+00 1.279012124001177364e+00 7.630833128243187380e-01
1.085154559290295806e+00 1.248194751342308839e+00 5.262467728652963084e-01
-4.522459730794214372e-01 2.384011842319200547e-01 -9.796793460206729698e-01
1.831541129119259370e+00 2.149487591941814102e-01 1.370037097767830003e-01
1.152325457792499952e+00 -7.632691199825447637e-01 -2.666436400997486134e-01
2.888108647453294653e-01 -1.024669251819519955e+00 4.551532425875902677e-01
-4.262654561402079434e-01 -6.741432274557895843e-01 -5.655481269963461566e-01
3.200421447173388279e-01 1.114148429986446143e+00 2.471638644249650518e+00
1.642427385251848282e+00 9.519082153788147593e-01 -1.245715532035377882e+00
-7.893385067263389843e-01 8.439934078744758539e-01 7.838227960352692758e-01
-9.250240196788163116e-01 -3.753709788922873214e-01 6.574807583759225693e-01
3.488610461485877057e-01 9.902741195573747657e-01 -2.811166993213596310e-01
4.417402109003569222e-01 4.127846355491044533e-02 3.061355126240104418e+00
7.943371972122261759e-01 -1.116699315212902111e+00 -4.365723685428140599e-01
5.673441910968883839e-01 1.074212186446102946e+00 -1.285661788101452596e-01
-1.019897517303224310e+00 -6.801864779040589504e-01 2.185428854699285051e+00
2.163186963033127075e+00 -5.941198603483527352e-01 1.694318305176109929e+00
7.386481891223836138e-01 -5.916875039689044602e-01 -1.489826695011189805e+00
3.988988907997622069e-01 1.163069455083269199e+00 1.116120630332955166e+00
5.213690518612892344e-01 -1.230415937561633921e+00 4.253336672356559101e-01
5.599739989177072719e-01 3.064827585721776049e-01 5.431095010349045182e-01
8.632127209686252245e-01 1.748901918692828406e-01 -5.591884512166891419e-01
5.988098918027942030e-01 6.873572758093077217e-01 -1.318081142892736146e+00
-4.530619770379730737e-01 5.954258452049576711e-01 -1.368036483181755747e+00
-8.108050556560151279e-01 1.016420402831938130e+00 -1.175396728922342593e+00
-1.501504546624164549e+00 1.054892694795862118e+00 -6.067614819376342394e-01
-9.889461318774602772e-01 -3.831824947099906620e-01 -1.179738323845399339e+00
-7.142529876119801946e-01 1.082052176763799833e+00 1.007916445621735324e+00
1.580531006835925290e+00 1.083626972644883557e-01 2.468032267228270349e-01
9.517407730835903967e-01 1.229307264064453342e+00 2.247254903202350884e-01
6.713331478391947327e-01 1.355507430810244607e+00 -1.218532099606494778e+00
1.358830973353281957e+00 9.080362805876079912e-01 7.296024256631933325e-01
8.748058688713065134e-01 -3.402192804574372120e-01 -2.511052226658158304e+00
-4.060539830395725747e-01 2.536210681230808839e-01 -6.432497260485527946e-01
-1.133271046298398144e+00 6.677914314959997044e-02 5.955051904858825740e-01
6.302138486656463368e-01 2.155460722518450223e-01 2.002306126308927681e+00
1.601822081418171395e+00 -6.456474283385109647e-01 -4.146394291145222288e-01
-1.671248363588644814e+00 7.863550537157730502e-02 8.685738026181250016e-01
-1.020968018962022050e+00 -1.316357895223478625e-02 2.246588009242678208e+00
-1.723716446615483511e+00 1.346848593495017843e+00 -6.253551937926334903e-01
-8.468283112525263334e-01 2.215938743356668239e-01 -7.017947813203084806e-01
-1.101866073643695376e+00 -1.736725616981650955e+00 2.314025361779571188e+00
1.669949814021520984e+00 -8.969899492469264324e-01 1.178800319199111157e-01
-7.100867388558598226e-01 2.593130310866103572e-01 1.140671262088010174e+00
-9.706788982295401214e-01 -1.173086866059514399e+00 3.078213799680004081e-01
6.892435707415194290e-01 -3.251543909249210995e-01 7.495111296037487714e-01
1.143333753917807449e+00 1.108075957222451002e+00 6.576522893364316058e-01
-1.261276085391044299e+00 6.137152527862399509e-01 4.370124563425466513e-01
-7.318567442322854166e-01 -3.893519470548021943e-01 -2.791120015327515524e+00
-6.565297390760719276e-01 7.418677966032382054e-01 -5.317253438199817106e-01
-4.031786487825482213e-01 -5.940682092306053264e-01 -4.536507713009553799e-01
-1.132876516099403791e-01 -9.346616462159946792e-01 -8.817641854228647214e-01
-2.001636779289326373e-01 7.130657968844308359e-01 -7.793239716842191855e-01
-8.656001265658481991e-02 9.949989658429251316e-01 -5.095855338316349625e-01
2.066081479152558908e-01 -1.903724847837245493e+00 -1.204965921892596104e+00
7.166547461300433464e-02 7.391177981367145211e-01 4.446216371102121312e-02
1.299187648535527449e-02 -1.543481662050142145e+00 -7.922959607350010813e-01
7.763940518920791067e-01 3.818544635807932797e-01 -7.617679993650400272e-01
-5.462432019816730877e-01 1.656741720554839148e+00 -1.633064871493223880e+00
2.074726115429995077e-01 2.262688639161104243e-01 8.781322902832249255e-01
7.913176945156821795e-02 8.599022908174924762e-01 -1.847696118731410930e+00
-1.864233521496839741e+00 -6.003350455830638310e-01 7.965933016104601583e-01
3.018904967650267723e-01 -9.471589920883140001e-01 -3.132130144692104549e-03
-6.351987616147948268e-01 -1.567083805082302161e+00 6.345864137778500780e-01
1.597220392569766445e-01 8.840791772435500073e-01 -6.516246371997236331e-01
-5.172266754188553639e-01 -4.653629884877299450e-01 5.369536633228685352e-01
1.058258363455765849e+00 9.557140596734966520e-01 9.397420704615131459e-01
-9.273312569733386246e-01 1.005963524100571965e-01 2.248860776375925519e-01
-1.012294339391011988e+00 -1.142675445351031494e+00 1.633250960020113662e-01
-6.042568058605789494e-01 8.447863071256170864e-01 2.972227019975420825e-02
-4.334607208327055927e-01 4.602863253212404748e-01 -1.331779281278289151e-01
5.454546859230063882e-01 7.862235065590847394e-02 1.630489103054644784e-01
-2.670241682619704515e-01 -8.439141479088562159e-01 -3.591554397385156028e-01
-1.905569253984657152e+00 -1.330278765110322725e+00 -1.731818165177060331e+00
1.185683455482901660e+00 1.015059945448406609e+00 1.066619204060301751e+00
-3.536699106123643022e-01 7.736079019044870275e-01 -6.410221844818929648e-01
1.026104811466789501e-02 2.138365835233474233e+00 -9.907469123302939384e-02
-5.053833833641973028e-01 1.100506705915933692e+00 -1.646381270854424816e-01
3.915180073299981411e-01 -1.444280946742329264e-01 6.359709935120974045e-01
-2.757826257794448455e-01 -1.572653743888906996e+00 1.502346606913204541e+00
-7.393007574336678545e-01 -4.342834494734577055e-01 -2.185419263510647969e+00
-5.363900194690089940e-01 1.994590714281470278e+00 2.884679243767164225e-01
2.409085460699134984e+00 4.375786551168257543e-01 -4.060081312910368556e-01
-1.000361741791908343e-01 4.384014332181844220e-01 -1.370842837417265647e+00
-4.333930316098801860e-01 1.679087852729251651e+00 -3.592207153942124087e-01
-6.305256584856923086e-01 -8.712470880565071907e-01 -1.610280665832035107e-01
4.285810232251001106e-01 -4.806379276521757227e-01 2.231080732245546816e+00
-3.314637384299520817e-01 -1.157034411613553360e+00 -1.464903002317928360e+00
6.093919633405501246e-01 1.204877781157544847e+00 1.932027556886814823e+00
2.988215731938518305e-01 1.810777659315246479e+00 2.772958676829168426e-02
-1.709456101976959685e-01 1.116197587455534324e+00 8.318315309256069101e-01
-9.192047311664599540e-01 -1.342980179067775559e+00 -4.299934210158535830e-01
8.622965706140807152e-01 7.477497400964188135e-01 -1.053528289936734641e+00
7.372495887087421318e-01 -4.656950371560546476e-01 6.583640226990978839e-01
-2.949190706976323462e-01 2.027824256466953246e-01 7.850461077778916330e-01
-1.148382513705669572e+00 -5.702472504759255045e-01 9.194787141443963030e-01
1.727516978263733405e+00 8.583146427853942662e-01 -2.381130265787350375e-01
1.318248695009987426e+00 -9.798905484585211934e-01 9.915092113289987186e-01
1.073778461067758982e+00 3.932470950627440232e-01 -1.991197391175413556e-01
-1.141231294166527022e-01 1.651816213881522666e+00 1.317926026959972852e+00
1.337321684088909723e+00 -1.029939903118602063e+00 1.448092312996864250e-01
1.204514818096577899e+00 1.362774627985754661e+00 -2.489585450025793012e-01
2.552286816237602785e-01 -1.317941159177613564e+00 -1.691451572917292312e+00
2.581482772434486733e-02 -1.290197775597095697e+00 2.295628760117675693e+00
-5.359682959106333300e-01 8.171817083013876992e-01 7.195776238379827383e-01
-4.993813369164570859e-01 -4.043570954319707367e-01 -4.146882566988477348e-01
-1.331717254633695280e+00 1.704233421715600993e+00 2.034750014570170795e-01
1.748079134575091231e+00 5.585906007187043665e-01 -3.172919696420702373e-01
7.778821797957338191e-01 9.716589858176467587e-01 -6.267508990839660843e-01
3.183775515662918831e-01 -9.398314811357140197e-01 -8.214074392564917337e-01
-1.713813288398063683e+00 -6.608944364300076701e-01 -1.557956478482744433e+00
1.241956507701459600e+00 2.093596804143861512e+00 1.373410077016490760e+00
-1.491776946995022335e-01 6.162806842907914140e-01 8.668091673499214167e-01
3.405241536490048460e-01 -1.502912896432208933e+00 -1.952029039706722757e-01
1.106805853877454782e+00 -1.504651485428589730e+00 -3.835920440540777632e-01
7.516047632046305438e-01 -1.701525981127269160e+00 1.004969135571190719e+00
1.497776542307866388e+00 -2.551064991626014189e-01 -1.848060974765548981e+00
-1.540668055070650189e+00 2.651307397463340099e+00 -2.855897445389796285e+00
-2.438843322352237220e+00 -1.835685786233955064e+00 -8.591845383744406428e-01
-7.630651832903420084e-01 1.400372117157563379e-01 -9.625837970374742092e-01
2.547918214543009041e-01 1.917446839298430294e+00 1.404834410405460199e+00
-1.060898083629421729e+00 9.751761207012694666e-01 -8.534272778200979737e-01
-4.269988145269682511e-01 2.188566762016961320e+00 -1.714078652235325073e+00
-2.868776850911667342e-01 -1.747990502318049311e+00 -1.528007155547508766e+00
7.083089854652183659e-01 -7.660394228750309897e-02 -4.936284662034932103e-01
-5.015809793887446855e-01 -6.720528781090123749e-01 6.978666325233155998e-01
-2.707657411799064273e-01 -5.296219173120343404e-01 -2.574018499848854447e+00
1.552978077158670978e-01 1.290635123745304647e+00 -5.237653721142329077e-01
4.463183927838378362e-01 -5.919080510457925826e-01 -7.684647072949307711e-01
-8.689279344221086943e-01 2.852368519379054335e-01 1.165553004950861338e+00
-5.686336099080874229e-01 1.203180691677149028e+00 2.070431530467214731e+00
-9.717948796872032391e-01 5.265296703368178566e-01 5.416389824157277211e-01
-1.461585250545736514e+00 1.413180614749584896e+00 7.386686378785645157e-01
4.954179260112018812e-01 -6.230410462226839696e-01 -6.387838685604959599e-01
-8.530617141808899406e-02 9.169437699945529596e-01 -1.027603158568759500e+00
5.577493242839323129e-01 -1.511527997776464405e+00 -8.727455626370328456e-02
1.893715503490023822e-01 5.155573877163966978e-01 7.536909404286024072e-01
1.754404923639478087e+00 4.163146594187600580e-01 2.213808101590073019e+00
-6.311819575703054852e-01 -4.003202886326109877e-01 2.684437825989400839e-01
-2.376152114273429872e-01 6.095705101569335316e-01 -9.792669395472581861e-01
1.468412898273475209e+00 -2.369225205209724905e+00 -9.744473452344428743e-01
1.058730565899463238e+00 1.831955240464089973e+00 -1.123199172654480549e+00
-2.366933053815905463e+00 -9.377592870114290768e-01 6.433499166729620411e-01
9.278941505265887457e-01 4.296412399942353688e-01 3.817711964996578500e-01
1.580601254820050983e+00 6.124484403788564846e-01 1.478311185140873396e-01
1.709719823191513111e-01 -1.630414480229378293e+00 4.813418289942703043e-01
-2.646203900333424786e-01 -4.734676490906216673e-01 -9.354000837390358258e-02
3.328422542720423927e-01 -1.647689016839054998e+00 -5.382245068723038317e-01
-1.137536127591662227e+00 7.781045739955365637e-01 4.382914422701320034e-01
5.111044167628059354e-01 7.837839885436742593e-02 5.870503692255608641e-01
-1.321635027935974760e+00 1.213612789579113338e+00 -1.028667571221068222e+00
-1.992456408134113122e-01 -9.911241507544462648e-01 -2.327008148271612065e+00
7.270259194777662914e-01 8.944253320660692230e-01 -6.560718922074486592e-01
4.665929227626847697e-01 2.504569180783306481e-01 -1.157508973375831918e+00
-2.344951213910437371e+00 -1.539325323020409308e-01 -9.006265290939616808e-01
-1.475495597448811813e-01 1.117986076765793646e+00 9.765818982440672702e-01
-6.186501684381706667e-01 -1.522770356966106187e+00 -7.586455749683271854e-01
-4.323044062699169521e-01 -5.556526826500467475e-01 -1.108451877399895952e-01
-2.035473788004590334e-01 -4.057663673904300938e-01 2.872106125932908594e+00
-7.063489295270761748e-01 -8.913231744481396879e-01 2.304230237392813213e-02
-3.499001788982862848e-01 -4.970611138375427562e-01 -9.948941251034402189e-01
-5.863058525996125425e-01 2.274310506551221689e+00 2.188843039195774165e-01
-4.206935071892985989e-01 5.632592505261644344e-01 -1.442122815828474236e+00
7.979538651032117569e-01 2.671770053074771778e-01 -7.614930403299536854e-01
-4.162484012770217151e-02 1.936411371450126317e-01 -5.460942251992391139e-01
-6.149659450233686542e-01 -2.626314448508360044e-01 1.182109905432758741e-02
-3.086949469166031523e-01 1.081734184990795211e-01 1.207166093951659080e+00
6.391355801629512445e-01 6.874031980334956993e-01 1.568739556108632305e-01
6.668990820834118649e-01 -1.316123327991711167e-01 -1.950690682633149098e-01
6.752628445917184807e-01 -1.481218702039266644e+00 2.281417739768406838e-01
6.067933892456621736e-01 6.295484439909501129e-01 -1.200888322412464460e+00
-4.214225844341041860e-01 -1.457631264728537657e+00 4.107524798433405677e-01
1.058748933525684333e+00 2.597044259803552024e-01 -6.284865988261418845e-01
-2.340832562166922148e+00 7.250430664710950657e-01 4.910404542426664021e-01
-3.739768902644530213e-01 -4.756163575210846650e-01 -3.558463970379390218e-01
1.800358215846765697e-01 4.708742550257630222e-01 -9.082402101271751516e-01
1.023154204858512495e+00 1.737146667767570429e+00 -1.723162964871040037e+00
-1.741562291615128544e-01 1.122159420860399937e-01 1.603478961036615691e-01
-9.802842551130726279e-02 -1.257600293600460162e-01 4.641236724016122306e-01
4.758383233584800309e-01 1.240884762014276665e+00 -5.801729396217004675e-01
1.600129356052827800e+00 -6.030020366908034335e-01 -1.365220246814015992e+00
-6.513530755558396557e-01 1.661575185270618871e+00 -1.167073623092898860e+00
-7.385058340801642363e-02 1.898983214371344097e+00 1.030656688819686417e+00
3.798187771687698833e-01 2.231212008161774507e-01 -7.395776976449669471e-01
5.224842200454956620e-01 6.086786458711150871e-01 2.831838534638609350e-01
2.233630122414314301e-01 -1.002027195138119664e+00 -1.596339536777640830e-02
6.932500832732104712e-01 -8.251681081788707350e-02 9.966381352857784925e-01
-1.235814598917966078e+00 1.739894087705390113e+00 -5.516781334931695202e-01
-1.718222916192068961e-01 3.009290929678898330e-01 1.971999999296382422e-02
-5.006587375572779663e-01 -1.465013811555694045e-01 1.733938289146992329e+00
9.521751192087959392e-01 1.864186266952313042e+00 7.382652905981843539e-01
1.857380979271466559e-01 -4.291179960261456983e-01 2.190645328026778138e+00
-1.281588159789239789e+00 -6.145588307859005395e-02 2.345249757615360808e-01
5.275282285125676429e-01 -2.152455076954069846e-02 6.911411821052687587e-01
1.062007709728647054e-01 1.530570160524461931e+00 1.108447822131709337e+00
5.096898814189910754e-01 7.111740355953023451e-01 9.779936897740224566e-01
-6.431223782968840119e-01 -4.315151152426169312e-01 -9.338072951228486573e-01
-9.576702461061752381e-01 7.485265725432397321e-01 -2.056217018288293730e+00
6.820293517676077055e-01 -4.999902173386632231e-01 5.831362699073462386e-01
4.681085639375124480e-02 1.869917922956689349e+00 -8.508204519040061253e-01
-3.611753602340700420e-01 -2.245163670482462237e+00 2.131319912120650972e+00
-1.209155805909638781e+00 4.199965092761459573e-01 5.440036546820018470e-01
-9.170384824072718155e-01 1.111315156775028568e+00 7.050802526638627610e-01
9.792272270369328790e-01 3.414360419012248821e-02 7.280030363283580552e-01
2.127733336935033401e-02 -1.187036625165831083e+00 1.154987756261533827e+00
-2.880910491422134512e-01 9.352012760731615026e-01 -3.005355118172660100e-01
-1.175581548226436457e+00 -5.189001530839406628e-01 -6.582478363091315288e-02
7.336085379080660163e-01 7.430710761898127181e-01 2.226314311772502885e-01
-1.233775572629987272e+00 -2.581144030636313147e-01 1.059335413548788685e+00
1.908140649064629935e-01 5.972186298317506692e-01 4.932510540630059559e-01
-6.580339795939881276e-01 -1.861943247120834977e-01 -5.214897502174865584e-01
-7.383450627659048603e-03 8.970267006555667777e-01 9.549090549534169359e-01
-6.101904877985475650e-01 -6.050217031881461871e-01 2.789732789235791488e-01
-1.543802627247082837e+00 2.387209402402689751e+00 -1.002460810503787991e+00
-9.508931690788416935e-01 1.280272641064624128e+00 3.128951097435966194e-02
-1.077711329810998597e+00 7.722775760969489145e-01 -1.132209707546529831e+00
2.575435007654851560e+00 -6.458419864191258242e-01 -7.430145746213736579e-01
8.966479386467496315e-01 7.773341407744568388e-01 5.957115139084124822e-01
-8.229913309717740155e-01 -3.248754724061574950e-01 -1.907924002744501690e+00
1.535337408273205195e+00 1.751345029980073464e+00 -1.429951316201036216e+00
1.802450844464002833e+00 7.450761862113612910e-01 1.401678953176995979e+00
-4.918354814838655775e-01 1.391657469632988198e+00 4.237525302375926284e-01
-7.772458046646187890e-01 -1.767304380319692225e-01 6.462939095128095168e-01
-2.527312246224458825e+00 -4.766498046172190639e-01 1.046724701354743603e+00
-2.977087329246424496e-01 2.605142543511769770e-01 1.254821166093552209e+00
-5.764404961712207287e-01 -4.340819120098205475e-01 3.018231042275137388e-01
1.677122594336216466e+00 -7.129392160936787182e-01 8.482517342599518173e-01
-8.126998387032587923e-01 1.326241541579334937e+00 -7.538297672256111248e-01
9.187912965163533840e-01 -1.001454898615040223e+00 -2.966898988771173862e-01
-1.700870227673129120e+00 2.373141348452645349e-01 -3.287395658420240729e-01
-4.610863243228462416e-01 1.644909502772790910e+00 -6.827286753047346890e-01
-4.419001553930004267e-01 -1.137265998353353957e+00 -5.247393690731668725e-01
2.388104473628597513e-01 1.163178521478172245e+00 4.495717113574540513e-01
-7.962248902820642793e-02 -9.194650289754625894e-02 -2.308080255736905950e-01
-1.811582407985989907e+00 -9.355678737098042097e-01 1.546148492090128057e-01
-4.487591842284603949e-01 -1.184310973424216318e+00 -3.955267039789758243e-01
1.530009048944531158e-01 6.087336414800107454e-01 6.290451032061832037e-02
-1.514529403060870916e+00 2.934597234138472732e+00 9.583187354204857344e-01
-1.077224921902450561e+00 7.428986806846546997e-01 -1.721382936013283960e+00
1.048443732249867866e+00 -4.121432579801131979e-01 1.363689249472947562e+00
5.163437438925005951e-01 2.094186731741920937e+00 5.716871620735527459e-01
1.082979298332964024e+00 -7.034648701885380939e-01 1.424633793851327379e+00
-6.705473782564490559e-01 -3.274783722548069154e-01 1.060374207443856021e+00
-2.054013440506027077e+00 9.200562007098084250e-01 -1.247670359915483251e+00
-2.549346196059141811e-01 -2.165553381239498254e+00 -1.290118263931533393e-01
-3.394335471255525705e-01 -1.041306579869538895e+00 -4.693156551301392865e-01
3.316744926599321519e-01 1.722002963300912903e-01 -1.437713854011840819e+00
1.030692266292414061e+00 4.229804971776107148e-01 1.596567447526427985e+00
7.246029315978459451e-01 -9.667650288093336819e-01 -3.498672750111541663e-01
1.231228151865094489e+00 2.168211902168881711e-01 -2.399137424057395662e-01
1.134439651206842620e-01 1.430319396291549749e-01 9.255423519542644861e-01
3.156474046796519523e-02 3.907046284151800830e-02 -1.345723842574226281e-01
5.843758440773548779e-01 9.014019504687528217e-01 -1.268421785585415462e-01
9.147805992408447606e-01 -3.421076691195462094e-01 4.608194383869593791e-01
-2.954974064602307604e-01 3.657688758171258603e-01 6.605755857557874533e-01
8.416982134741691768e-01 -5.554762703709600347e-01 8.157132119755766686e-01
-7.183570087572306306e-01 -1.091704075017988940e+00 5.899026994067939622e-01
-3.509849450327048870e-01 3.969155618084109216e-01 8.357041583833748621e-01
3.257577726347673508e-01 -3.915689534495011337e+00 -3.990515701805654736e-01
8.737329451228746657e-02 -4.684417080644058817e-01 -1.757436660349531055e+00
-2.452801661285973545e+00 -6.027066135176508688e-01 1.972480202965559037e+00
1.498711171906207840e+00 4.118986459093019747e-01 -5.935583792429598438e-01
8.548457479256106328e-01 3.253210251768065553e-01 1.578731659441297674e+00
7.226123386279016403e-01 1.088539154426330091e+00 1.545746535177294101e+00
-2.060651723702475874e-02 -5.374934203412057299e-01 9.044302893623535899e-01
9.890212236772809307e-02 7.067837524589444531e-02 6.825449495620190543e-01
-1.066599768642217727e+00 -4.002820176117095619e-01 2.003969131672893034e-01
2.548713336135073892e-01 1.738504771911722369e+00 -1.803791880933464375e-01
5.142016278992210809e-01 -1.314099983316172060e-01 -4.330286971151754982e-01
5.153357404776710560e-01 -9.042581943369061293e-01 -6.359494610864387942e-01
-7.171993677856334237e-01 1.632323114064297309e+00 -5.858288956593160623e-01
-3.398465595972440662e-02 -1.790911440300142043e+00 1.699921709670741743e+00
1.127273008137200522e-01 -6.469430815404769719e-01 -2.057833821992462564e+00
-1.108694400392121332e-01 -9.415595562169830623e-01 -2.060939920615478260e-01
-2.043420464608429743e+00 -6.525579755296591067e-01 -3.983961149408617453e-01
5.995170257916194734e-01 -5.988475101715717841e-01 9.147996053111916437e-01
3.880957354688121530e-01 1.425722763576770191e+00 2.625358786530948008e-01
4.847632323988763647e-01 2.828569341336711340e-01 -9.629864446914309095e-01
-4.941846627765296707e-01 2.597390692676195378e+00 1.292602126645417737e+00
7.666618729785497077e-01 -5.164051543824071944e-01 1.587788084929261379e+00
-3.780862215920299807e-01 -7.731737832434051882e-02 2.855983338020219864e-01
-9.740559669261104059e-01 -4.261876199009854982e-02 1.183862984767649063e-01
-9.341648655525418565e-01 1.219757262771850037e+00 3.796762136197612825e-01
1.270562954577155734e+00 2.253976184368225721e-01 -4.524314185082432549e-01
-6.337342989757185352e-01 -5.639135151644887600e-02 1.391793504476306786e+00
-7.666033590661254227e-01 -1.585487740274956203e-01 -1.856547291464885951e+00
8.157478505186145368e-01 1.336833198014582891e+00 1.477883893132749149e+00
-1.225753959048159203e+00 4.406554558577657765e-01 -7.772027015127098704e-01
-2.625680151969311260e-01 -2.764459364829696120e-01 -8.216821951093483678e-01
-2.775450790889946728e-01 1.146444799203391873e-01 1.615594271238480761e-01
-8.045250291487421324e-01 2.223358425697956164e+00 3.415582773952527407e-01
9.643542326022404021e-01 1.520511393313536797e+00 5.489816166550647303e-01
1.768102539759721370e-01 -3.818284228910539535e-01 6.066040943110683203e-01
7.695778054765832765e-01 -2.823094321273503793e-01 -1.342151227266706215e+00
-8.344348936889759427e-01 5.140005014489070767e-01 7.026221267824339645e-01
-3.733470057421456878e-01 -9.027174360763078331e-01 6.837944781563537466e-01
8.795288926479113423e-01 -2.481387388548743633e-01 7.058608611896252105e-01
-1.471918514003645040e+00 -1.103182412611573904e+00 1.787554483710024344e-01
-2.708263656132407493e-01 -1.873872538199570670e+00 2.986829955900252576e-01
-3.314064080901351489e-02 -4.241806940356495637e-01 -8.451538773177412756e-01
5.318138487289441052e-01 -1.191446435978664870e-01 -1.111951126033271058e-02
3.518746036998140481e-01 5.265364123272234798e-01 8.003347812051381238e-01
-1.144720677495112637e+00 -9.676162407321547976e-02 -1.494297189166047701e+00
-1.812279802905523152e+00 -1.748096434179874814e+00 -3.934288182368278486e-01
3.796173295375563361e-01 6.142272473898374718e-01 -1.326258131329956402e+00
-4.440932091230464507e-01 -7.485113678176991137e-01 1.338116169121660981e+00
1.476629500550851737e-01 -1.245858165308395993e+00 4.566851870340716268e-01
1.080942154681027167e+00 1.323957758614204172e+00 1.297876830895440925e+00
-5.656974788364935169e-02 4.696660646195690569e-01 -3.718196351390178345e-01
1.739768229629602148e-01 5.186262230509781912e-02 5.577618528046487389e-01
1.183788454153060110e+00 1.661772122146723540e-01 6.031953099340445767e-01
9.270009466368559492e-01 1.695471955679635379e+00 1.029130814917966763e+00
6.532681730689214872e-01 -5.187093806524422090e-01 2.471970342086555195e-01
-8.266985276462938126e-01 -5.833878208542824240e-01 5.285405063922594682e-01
-1.529690442159326591e-01 -1.636145888476117971e+00 -1.635826170295632487e+00
-5.427309403085147643e-01 1.092619401909970422e+00 1.227708383821085825e+00
4.140827886911940814e-01 5.351301328451317785e-01 -4.948278880949123493e-01
7.500315729505767637e-01 4.618750069471455610e-01 -6.814600901890114359e-01
-1.319098436154430454e+00 -1.014313824573519929e+00 -1.664838564127398834e+00
-2.764339850783033570e-01 -3.760036430920767336e-01 9.839816522113041530e-02
2.435160579076544041e-01 2.095849690283072830e-01 7.801831700162535632e-02
3.010448504042934070e-01 5.450316560828356582e-01 3.508226262033988241e-01
6.832309090936757034e-02 -3.782246472086928102e-01 6.406465242071746058e-01
-1.724767649146897286e+00 -1.910350991400524334e+00 -3.016335578812427420e-01
-3.026455288102024022e-01 -9.567185616143454308e-01 1.073993299398801948e+00
7.580403538295354959e-01 2.304796603961959678e-01 -4.530511025347716547e-01
1.962749424762277206e+00 -1.892324969192986650e-01 -1.209693871610122207e+00
7.499397897432430460e-01 1.559247237999291213e+00 -4.123203554156073536e-01
-1.556708980112327723e+00 -1.800592925016679224e+00 -6.935737824020578035e-01
3.995845815384702071e-01 -1.452226910875466181e+00 1.593522301957111809e-01
1.027733370407655000e+00 2.871345747153529193e-01 4.289137011265758970e-01
5.506827260200218843e-01 -1.316521238126507898e+00 -1.128043415772922886e+00
-9.494359499391762380e-01 1.104803047307919339e+00 2.944060384934415464e-01
-5.337859819319478172e-01 6.396806001615539250e-01 -5.121591816806156938e-01
3.553648609652528823e-01 -2.049072170046266073e-01 9.063341734788151749e-01
1.317821271614046275e+00 -1.310651322101036520e+00 -7.311835788895439947e-01
-7.809633849569733166e-02 1.233127005316387581e-01 -8.666377302570202334e-02
-1.221193689133710097e-02 7.041311886578079937e-01 -5.075349871579116767e-01
1.142496186725975527e+00 3.512105119439165590e-01 -2.584622836844260862e-01
1.145501475904143973e+00 -3.730073640233574350e-01 5.251377710613696070e-01
3.599404279753137259e-01 -1.836134815944209520e-01 -7.365082146008660180e-01
-1.153959713848267121e+00 1.265734782939814229e+00 -1.383216249812378340e+00
-5.199386634308367228e-01 1.014251183089973640e+00 -9.820827626419118550e-01
6.273974328266621603e-01 5.571435005231186732e-01 -1.347676170666999296e+00
9.563255182133367782e-01 -1.338208243279381815e+00 4.748557925918809319e-01
5.375072176451197725e-01 -2.609170589581830235e+00 2.038557665728397417e-01
-4.386003572302243358e-01 -8.957485729611202041e-01 7.367065784464856826e-01
2.453927494296195000e-01 -9.366365073035761712e-01 -7.820061753675479066e-01
-1.364451862051323072e+00 -4.606493023411289967e-01 3.457701260948574662e-01
8.219143864480106254e-01 -6.208274935864349642e-01 -5.783116123087451710e-01
-5.760597252165751136e-01 6.191305940111773154e-01 6.085751298233759154e-01
1.762211201720579767e+00 -6.797150554101998310e-01 5.682220862373207337e-01
-4.281359340457585594e-01 1.668939947431712811e+00 1.945086796897859960e-01
-3.563011632772183357e-01 -1.199137769814360294e-01 1.921669202897329676e+00
-4.453929636194177144e-01 5.751461348782724997e-02 -1.063640510129940431e+00
2.002625629027814380e+00 -1.994566369003065498e+00 -2.140131695803962342e-01
4.850909994818879412e-01 -8.654161357392791132e-01 6.419802210002611281e-03
-1.541880717306221227e+00 -2.485838651645906783e+00 1.873991665292143172e-01
-1.297132520951370438e+00 -4.164081246253751312e-01 7.447662986234390159e-01
1.091628588545604517e+00 6.918690879843030217e-01 1.433323285390669000e+00
2.639650517891643511e-01 1.383087918349230172e+00 -6.664002571735930802e-01
6.661229424599242055e-01 -1.629584866230263218e+00 1.639220656207343862e-01
-1.176766191797433025e+00 -2.087676938095287316e+00 -2.014761668997716804e+00
-6.858009392707167251e-01 3.838966447437369700e-01 -1.650089389917986482e+00
3.346134884032565537e-01 1.395168356452011482e-01 1.339480471701627318e-01
-1.756700910667857940e+00 -9.812276339019032623e-01 -2.193985432281192471e-02
8.992631932800573824e-03 6.146283614081792246e-01 -6.273686815131972461e-01
4.479369038826678251e-01 -1.274392284736714509e-01 -1.572022473014083710e+00
-9.839970212916063774e-01 4.002941524015675157e-01 -3.802999460341625060e-01
-3.361570577674726779e-01 -4.176021774057662728e-01 1.096896668980894995e+00
1.158357270336388911e+00 -8.587740354672662724e-01 3.589797480492820658e-01
1.454291751382568387e+00 9.638072991857995486e-01 -8.358926823286382257e-01
-1.046520430815844005e+00 1.102802748117983844e+00 -4.097812880742238845e-02
3.825864672125178223e-01 1.436479927488515163e+00 1.081008492168238133e+00
1.456027620485833562e-01 -4.516572134644072367e-01 6.865819038685387898e-01
-1.099641493389245772e+00 -4.981437953774324190e-01 -2.285094228227476432e+00
9.345697710517903989e-01 3.427444399296301070e-01 2.356236775038896558e-01
-5.233318061483785977e-01 -5.950757388148354421e-01 7.926582972428737328e-01
6.184844876056861951e-01 3.997922920802959301e-01 -1.610415596206324906e-01
-1.242857088290525436e+00 -7.346145353882563844e-01 -1.145204301915788259e+00
-2.155447853836508360e-02 -2.039592082331695977e-01 1.555199225800080187e-01
6.890996394681668802e-01 -1.414266682341226433e+00 4.400594532835396810e-01
4.847805757770909385e-01 -1.925946588240319501e+00 -4.718691295544660824e-01
-4.978869251856357092e-01 1.728858044192909116e-01 -3.166928183301205291e-01
5.397319879914912466e-01 -3.064928882643607744e-01 -1.080165896813227791e-02
-7.446252049180597243e-01 -7.960287709959408264e-01 4.422603404716275444e-01
-1.118003119949653179e+00 -1.026805603388453170e-01 3.563084248268023058e-01
3.147340781704777157e-01 -3.625943237570476985e-01 6.375026530230050170e-01
7.376414220357663254e-01 1.296634434630976385e+00 -2.965300003732219691e-01
4.209141711013901777e-01 -4.146630222848624592e-01 -8.674628197527328721e-01
-9.672337060689798482e-01 1.237949315846164522e+00 8.077208491147199743e-01
5.962195166292972859e-01 -7.587988657480227994e-01 6.652941651539386880e-01
1.522696542919030338e-01 -8.746173356645020602e-01 -9.025254857861525482e-01
2.897186499036959878e-02 -1.867906035652785013e+00 4.878846260135080715e-01
-2.887585881868932614e-01 4.043037469220300273e-01 6.378477544467457960e-01
-2.586524428718177671e-01 3.675106220828649461e-01 -6.534876705946672804e-01
1.004961116024341683e+00 1.598949523433868203e+00 1.391086295442298004e+00
-5.387517063605924417e-01 2.318671423912564311e+00 1.519712279365577068e-01
-7.568045362675318577e-01 1.349272067268665776e+00 -1.395351777270683380e+00
1.724761482247428590e-01 3.352861405655034321e-01 3.122255941642974042e-01
5.061816705064783317e-01 1.025877832833141046e+00 1.146366337757125153e+00
-1.809383249374499347e-01 1.042547895472930447e-01 -7.262816102642476457e-01
1.595383190879275270e+00 -1.330870167878484001e-01 -2.495853220757313917e-01
9.108710349218780422e-01 -5.824094161397218583e-01 1.365683497739230923e+00
1.178758967328785490e+00 7.229172314750386130e-01 7.854922764364712373e-01
1.149130162040270298e+00 3.216662421797242821e-01 -2.477091497126195085e-01
-2.537894891936420261e-01 -1.092787098101645205e+00 -4.167323522749504239e-01
-2.769388071512305594e+00 5.607934423234421928e-01 4.364303172238024331e-01
1.257478190524833339e+00 9.707193228276735919e-01 4.818472691740230407e-01
-5.110819291761588001e-01 -2.365033406369325235e-03 3.140357519628430572e-01
1.955996347616501430e+00 1.257523979715322870e-01 -7.121805636237860115e-01
2.863522362252932107e-01 4.318287038000389044e-01 7.951716384753344802e-02
-1.118501557762129561e+00 -7.632794823560591357e-01 5.073281604876562767e-01
-1.314183343937497916e+00 -7.468934890217676648e-01 1.464334686530620155e+00
-5.530199329244694928e-01 1.444909085113649239e+00 1.355074707568021841e+00
-1.429889703111934529e-01 1.010552343873301950e+00 -1.433171239297970911e-01
5.093260062926189269e-01 1.211735068848456942e+00 -2.751531414934698105e-01
-9.281883450410236547e-01 -6.519519626384281397e-01 -3.179124343352787152e-01
1.408693169095608821e+00 1.053533115573701995e+00 1.921388818983474023e+00
9.090217818081688383e-01 9.498954501843638321e-01 1.093516077011980503e+00
-3.916435844582860648e-01 8.771553805402847459e-01 1.815168253547454258e+00
-2.087007446109570008e+00 -2.403843823235780053e-01 1.426603491615044961e-01
-7.199850882627450988e-02 1.164379776071455957e-01 7.640515961611678009e-01
2.636968458521473657e-01 2.108701443971639833e+00 -1.686575676429354465e+00
8.124833503293175108e-01 4.944919995491349196e-01 -1.281106507027500507e+00
-5.249052313791483515e-01 -1.527639549829231003e+00 1.375899986707153355e-01
-7.862229359796260031e-01 -1.708013585563583625e-01 -9.268144313249624400e-01
6.913359334779578536e-01 -1.961981723538050559e+00 -1.570449722249338764e+00
8.998104288793400407e-01 7.321076103142488689e-01 -2.159356325829531187e-01
-4.552574608048029492e-01 -8.261816014882263914e-01 1.028667161097965410e+00
4.636426154761446039e-01 -1.003704319119007177e-01 -5.432629533999374649e-01
-1.305621025003519953e-01 4.343593761028124445e-01 -2.521336334646528399e-01
9.622308375970689553e-02 3.036565753957126690e-01 2.273377306829000410e+00
5.266752801249047905e-02 -1.432163440708928759e+00 1.723759892156527140e+00
-9.080521477936038810e-01 -6.834458687844719993e-01 -7.727203456676717819e-01
-9.515372838212020623e-01 -1.013390913134711635e+00 1.393093908063817825e-02
1.396668455897479288e-01 -5.220830976185738548e-01 -2.237797990156926708e+00
3.916862736132224465e-01 1.958965568706378280e+00 5.071663836716709950e-01
-1.239459181913104224e+00 2.804899351855208445e-01 9.491482630805606058e-02
6.178037707691319547e-01 -1.475936988753379309e+00 3.798358485203142121e-01
-8.547453494067100976e-01 7.001609796124675933e-01 1.344934336030793043e+00
1.169400218054155616e+00 -3.516545122405795865e-01 5.728086991828272856e-01
-2.282211046283569855e-01 8.905652929615722746e-01 -1.410099004001414302e+00
-5.716383319992109913e-01 -3.754404013692174691e-01 -1.618990226702593960e+00
9.378122307864399376e-01 6.138280883412921413e-02 1.845508543613619823e-01
-2.054853274797050211e-01 1.250620129572302508e+00 -6.293164424098641740e-01
3.446468987436323433e-02 3.272607114476651646e-01 -9.437660707037915930e-01
-1.867889665751877981e+00 1.358640892029722824e+00 -2.246945056575150534e+00
-1.478859998698354383e+00 -1.949713697809950796e-01 -7.366737654285624437e-01
4.421765284535337792e-01 -1.386470201663337898e-01 8.523535461377034217e-01
-7.831757669142438427e-01 4.241439680647796640e-01 -6.547829253583005160e-01
2.366869757901277072e-01 -4.080171758152770778e-01 -5.504507570232491064e-03
4.318534768460465800e-01 3.602549430610009762e-01 -6.384046352663313995e-01
-1.834479591922953068e+00 5.697220906622141312e-01 2.259335298484857479e-01
7.224852333181820407e-01 -3.763652055509385530e-01 -1.365067316430592648e-01
5.898984885985769644e-01 -9.914320927371184089e-01 1.227318391910850348e+00
-4.789101388424644168e-01 -4.369876724982526550e-01 -1.080756723420929433e+00
8.064709149399139632e-01 -2.920704190744029538e-01 3.646516555414652805e-01
-1.173446051018133929e+00 6.488486213360595833e-01 1.512009626134411810e-01
1.301224794984491506e+00 2.610683578087022796e-02 -1.749840096155677260e+00
-2.038307923527731824e-01 9.545417052012441506e-01 3.145585275067192543e-01
-1.908984713103512920e+00 -7.532134085702626436e-01 -1.053134453826582995e+00
-1.405659246409926899e+00 4.516144938110167040e-01 -1.343928368427212305e+00
-6.161413311271265458e-01 8.263923090076336075e-01 -8.048444347637778717e-02
3.693277409671990030e-01 5.656745271060524827e-01 1.175645197900290206e+00
-1.189535704459417920e+00 -7.594641166943465471e-01 4.994070252569156598e-01
-3.612714176468688754e-01 5.353355128092376347e-01 1.505584951437732188e+00
7.910957310229853601e-01 -5.853343444069217805e-01 -4.163380374141301687e-01
-6.130405367135352002e-01 6.613796875029646742e-03 6.836365680390288878e-03
-8.261283576546238905e-01 -5.001392665359667422e-01 5.108033397600785230e-01
1.167098307295765247e+00 9.531380056453693239e-01 8.819280123686544792e-01
-5.181585657318260596e-01 -1.786585675539745122e+00 -6.807754872430672455e-01
1.953948264402339263e-01 1.913165803315478308e-01 -4.141545186982807381e-01
2.666501122783230815e-01 -1.481160893012262725e-01 -1.021367836139633195e-01
2.927886106980560621e-01 -1.056562348083667446e+00 -6.559841491759124676e-02
-4.007096769854722740e-01 1.247868429714051319e-01 3.100691714119713227e-01
-4.779993799426751067e-01 -3.870380585403194740e-01 4.013034192915292953e-01
