8.293817696881581325e-01 -8.394880386535716887e-01
2.457524866289623411e+00 4.117201533160839233e+01
4.563509553249219253e-01 -5.142479087719216135e-01
-3.103009886032472409e+00 9.470078924738691839e+00
2.064874654075302907e+00 2.131925212997963968e+02
7.151496861794336413e-01 2.109503637566160883e+00
4.221743632093209797e+00 4.611609645651069678e-01
-2.203944371716990425e-01 1.215166897685636016e+00
-1.648747680317878217e+00 3.566922762061626884e+01
-4.393675732860704564e+00 7.764189800137515363e-01
7.024930526826822508e-01 5.986723278410157612e+00
2.978104135490693238e+01 1.809501277860925086e+02
3.309484489283105013e+00 2.528096286624458955e+01
-4.219757039773256224e+00 6.047383228765279561e+00
-1.276962735494331647e-01 1.326723613017943038e+01
-6.590485363362946769e-01 1.300197666494192994e+00
-3.519965935611830687e+00 1.216970504027432787e+00
-1.802546856375034423e+00 1.114144394549270167e+00
-1.198192563323461535e+01 1.190919856864190649e+02
-4.257663880033421222e+00 2.759447710721409521e+02
2.843661196262056379e+00 8.187731383853308342e-01
1.738163869506331949e+00 8.942012564540102737e-02
-2.233615294363433534e+01 -3.847435043163779378e-01
3.352339766408843236e+00 1.722273642474345001e+00
-8.935487889214769552e+00 1.811901851101123953e+02
-3.714428329368431037e+00 3.680778133415557818e+01
-1.058352675378346142e+01 1.503051218913342666e+02
2.459106680442022075e+00 1.889713926488202844e+01
-4.049191401153867886e+00 8.355435158743510504e-01
-1.629830684023978238e+00 5.767317561994224073e-01
-4.701208203820672615e+00 1.314336729988076513e+01
1.245943260935045815e+00 -2.365104884124421269e-01
4.123165694855640551e-02 6.177198454633221480e-01
-8.333022715232977218e-01 1.185192763396437812e+02
-1.838188380580368930e-01 7.631260094377481984e+00
6.802318334634530617e-01 1.804699242642469614e-01
4.071460349293456460e-01 3.136869578208624498e-02
2.839671477958566115e+00 2.994110980452321868e+01
-9.584464601116374993e+00 7.381561467612611693e+01
-7.604308762202066641e-02 6.106852845778555583e+00
-5.362260161431491312e+00 5.436136535738322451e+00
3.466103294071193552e+00 -2.388802347407859364e-02
6.166615069944370031e-01 1.657137858554132315e+00
-2.494934678758157220e-01 1.230549839021855441e+00
-3.594623589763557447e+00 1.754119554925239299e+01
1.970114265959113764e+00 4.988548171196429126e-01
1.569449136480674412e+00 4.791390875895054080e-01
-3.702162683886383121e+01 6.954409214680055129e+01
-1.106816828062288138e+01 1.361050239510923632e+01
1.496214216780605399e+00 2.396448907190205091e+00
2.615925074729651634e+00 5.846517865154864602e+00
1.162561394603254250e+00 1.899519588490830246e+00
-4.381619617740239114e+00 1.537021045849365564e+01
2.515871976023473344e+00 1.440121791403072038e+01
-6.031799910374164853e+00 3.903235150571539691e+01
-1.297941858124860914e+01 2.195189687452996168e+02
-2.054592188066201253e+00 3.513535421938831949e+00
-2.190818169969190321e-01 3.279318415611387483e+00
-3.637845821147075664e+00 8.118028989367715553e+00
-1.307916107983030818e+00 7.287302588518947966e-01
4.824182238050861993e-01 7.026140011390898943e-01
6.707716458505330603e-02 1.292581441404913933e+00
-1.128417689269801016e+00 2.711123643115396931e+01
-1.652560001147315916e+01 7.779497253661468221e+02
1.111545831903909765e+00 4.075698791007685839e-01
-2.860674597943137609e+00 -4.578467198107688541e-01
1.804624012346651707e+00 4.547325294025265308e+00
-4.676291521427579312e+00 7.431396899676458645e+01
-4.370523996876556905e-01 1.598039597430005010e+01
-4.393248495190301139e-01 8.703061166533611726e+00
1.139704809908521810e+01 5.229606940538493731e-01
8.890711964463720918e+00 6.338925541812917430e+01
-4.345289646480087753e-01 5.830672733357350701e+00
-1.345177839667652364e+00 3.017820367121383240e-01
1.331885315248324542e+00 1.275799549593271243e+00
9.478615008520192564e-01 -1.854609322642384317e-01
-1.798833211604273341e+00 1.913184995483885764e+00
6.270331270101220156e+00 -7.992866611671700650e-01
-3.039700940058209788e+00 3.776219147659280395e+01
-6.255282615234348143e+00 5.451704433410727546e+01
-1.711296075528521365e+00 7.668877841229745229e+01
2.179373828511610878e+00 3.088667749900524839e+01
1.074372218849371396e+00 3.526899727581676580e-01
1.840900687774814859e+00 1.911081506847749800e+00
3.102526069205259418e+00 1.210301408491620379e+02
-1.674792744563907032e+00 1.935127395891764746e+00
-1.563145047741992810e-01 1.864552012681605930e+01
-1.193350653195108801e+00 1.237262674257389561e+00
-2.123182037874117079e+00 1.019462539624216824e+01
9.221372770522421325e-01 1.037053096710931488e+00
-3.858754005674843723e-01 3.024643763377025674e-01
-6.132561768537833302e+00 3.707587156371999981e+01
5.265755158944138703e-01 8.999052429265412822e-01
-4.477052768375858527e+00 1.092464727358273535e+01
-8.269164281775832848e+00 1.158860356446885760e+02
-1.107282216162247090e+00 1.085725108220244373e+01
3.865677109090778218e-01 5.271998700885836797e+01
8.289169150349855464e-01 1.012148265681904080e+00
-2.380090785452973812e+00 4.196151284284015404e+00
3.714161855621940789e-01 9.880694931285766147e-01
-2.999217667192036529e+00 4.917166715011750711e+01
1.629910729253641666e+00 2.865976030559395937e+01
-4.956796007303330143e-01 1.883823422524094626e-02
-1.954738463451001662e+00 1.487218169062225570e+01
-5.138357274536248909e+00 2.502094661492960448e+00
-1.303006519723004963e+00 5.930103843466971369e+01
-1.408144941571282338e+00 7.168779901044441960e-01
3.746383693808901238e-01 7.765789084159520073e+00
5.515771200348772219e+00 1.161854123107304737e+00
-5.916442930833762048e+00 5.290662991060788301e+01
-9.400410059114900907e-01 3.789019584078129332e-01
-4.212111751944983773e+00 2.571816106126476953e+01
-1.370849467851717574e+00 2.081676249135987078e+01
-4.213290239810135063e+00 2.975106607316592999e+01
2.995780457681634923e-01 1.504189828186988898e+01
2.230388270982976540e+00 8.973810926773193586e-01
-1.238289652465474955e+00 1.637727075081229611e+00
-1.022157783743406689e+01 1.439660145516149328e+02
-2.532550193092652502e-01 1.228075814057021375e+01
1.628297615680859733e+00 9.429091206462864250e+00
8.201471965929182373e-01 3.654864895515981815e-01
4.958246974066741197e-01 1.418285630295351574e+01
-6.499478565424633203e+00 1.397674237230257006e+02
-1.967546771364661495e+01 1.109844274104890474e+02
-2.858028875438206384e+00 9.340157963366715776e+00
-4.385676469816981005e+00 1.063306647363098278e+01
-1.429076465749962166e+00 1.070780410290689488e+00
-1.051900096183298938e+00 8.861052711021024209e+00
6.795524986674644774e-01 1.496076582774838126e+00
-1.065454174566715650e+01 3.900019058299604069e+01
1.476701114705894491e-01 -3.429641341367897778e-02
-1.643777084822910073e+00 2.052291507469214960e+00
-1.635136284627041636e+00 5.764433335468948982e+00
-1.608449717064919460e+00 2.355115322959267399e+00
-1.830810353413492297e+00 2.809796664421047296e+01
-9.986424125039484734e-01 6.684817946215756201e+00
-2.429982291227876345e+00 2.709356038569552183e+01
-6.514782244517872911e+00 2.549076672240733643e+01
1.751984039988831654e+01 6.552038082284529708e+01
6.380721570424489064e-01 -3.799971816087324150e-01
-5.726683746825964150e+00 5.011743338709160867e+01
2.066831844042792188e+00 6.290365666501736008e+00
-6.141031060695242516e+00 1.027600098628490599e+02
2.623590551340212684e+00 1.054184502107963084e+01
7.623310811295187506e+00 1.128387751892392146e+02
-1.119397380565495315e+00 4.139280783422150023e+01
-2.335813547675149593e-01 6.672398864144448716e-01
2.186699394974513933e+00 6.227169307068559334e+01
2.178471932970283298e+00 4.854499757407996774e-01
3.354087121865331866e+00 -4.110066565944520134e-01
2.971521043817214325e-02 2.316383383578151545e+00
-1.137642933013813717e+01 1.517420890379437992e+01
-1.055842007819121964e+00 -4.964513789126852039e-01
-6.816987875385807527e+00 2.130056901442117123e+01
-4.235141266671615057e+00 1.160420375421431416e+01
-4.467855083784648684e-01 4.906801938169887300e+00
6.658136031868842897e-03 -5.614014679119272433e-01
5.595013650756824219e+00 -5.946366925420014660e-01
-6.883377457499468832e-01 8.563266658011897903e+00
-9.155242945972728030e-01 1.059755084261331470e+00
3.183226706431424580e-02 -5.967257919936743704e-01
2.451953174764137877e+00 2.623097317265323269e+01
-5.690038356342638076e-02 -3.865655608244097929e-02
-7.217636652402253716e+00 7.704505662203079908e+01
1.335085697927276716e+00 3.155582732366053378e+01
-1.243478710884209626e+01 3.147032070867121547e+02
2.533833812473653246e+00 3.088654839256672062e+02
5.539255660154499772e+00 1.617355606630133309e+02
1.083975825534672310e+00 1.648867212542449501e+00
1.436178013020677602e+00 4.949779279939244958e+01
-4.382716512359462691e+00 8.600151472423517518e+00
3.751601738135302622e+00 5.947737416172571301e+01
-3.680636918816463155e+00 8.986511749747579358e+01
-6.956832112095489018e-01 1.988358130608537877e+01
-4.008503146293448616e+00 3.357813269554231965e+02
-2.628700850863050498e+00 1.576799741136911237e+01
-4.014457761570279892e+00 1.219524063597953401e+01
1.323197232939083978e+00 -1.813156479384013253e-01
1.688914484026582397e+00 -2.437887290070023805e-01
9.511066182277383430e-01 2.881995168600653301e+00
1.078553429224990534e+00 2.625640643159714926e+01
1.889680121885755737e+00 9.576697767712865073e-01
-1.956231516015445759e+00 5.428642965009922250e+01
-3.821549267223040669e+00 6.043641808806471971e+01
1.714180671096798836e+00 -3.704568809322278389e-01
7.025623995407711542e-01 3.507176628763112869e-01
1.591271409200019304e+00 6.175254582727556230e-01
-3.130597520102074593e+00 2.780450924175362459e+01
2.458815113501575667e+00 -3.828351732774115113e-01
-2.371121565598850900e+00 2.770060861984136480e+01
2.167424034126619770e+00 1.362110651217998338e+02
3.348578768987962029e+00 7.583858079786254791e+01
-5.468915849173661137e-01 1.065703695395035844e+00
1.181202214135125850e+01 8.179920384588000104e+01
-3.876840973804227541e+00 6.308445309723129668e+01
-5.487387831253206727e+00 -2.965195427410161622e-01
-3.697414479926667497e+00 1.844232684234338393e+00
-2.479086098555273843e+00 -4.852220237118031188e-01
-2.429592906803551333e+00 -2.070350481533217712e-01
-8.280121073551679700e+00 2.293190866243732842e+02
1.920551258708803610e+00 5.995463980600956866e-02
-1.028387316389710371e+00 2.445326525189870281e+01
-1.403595187883750928e+00 1.640476132872250803e+00
-4.554714587337996612e+00 4.592714488501639991e+00
8.463580096714306000e-01 5.493942262435473900e+00
1.425886125825742035e+00 5.818251920375345776e+00
-3.766810455443741823e+00 6.659344653446249040e+00
1.747838504141496774e-02 1.490307636616530829e+02
-1.691416714744091720e-01 1.376871467805315241e+01
9.830730249390831066e-01 1.588755796072238269e+01
1.603847175464642305e+01 3.038291777100572411e+00
9.961855390810669952e-02 2.752827192437424628e+02
-4.249081041034240558e-01 4.926143090676397946e+02
1.185086439871308794e+00 8.969457847671805650e-01
-6.660218907089083817e-01 2.698239518171221718e+01
1.618058671930430847e+01 9.250830097935416330e-01
-5.991924619033775379e+00 5.597221945043746594e+00
1.154965473085702632e+00 -7.544924865734878305e-02
2.388176530307053458e+00 1.813125273870823229e+00
-9.734724967730750134e-01 1.485423007869058676e+00
1.808999623004556301e-01 1.354492817271625782e+01
-8.772463742344932314e+00 1.067871519518310777e+02
5.461150411191894705e+00 3.773243189538433295e+00
-1.339450836755651020e+00 2.871283838268792188e+00
2.592838464626579409e+00 5.209590214248544982e+01
8.518108762196677786e-01 1.066518183537665010e+01
-1.171667391982337314e+01 1.993800340071695985e+02
9.307869433869215836e-01 1.346854429064940906e-01
-2.276295497988956740e+01 1.738303505470294752e+01
2.442370085245236133e+00 1.665300415070352091e-01
-6.671123830584005709e+00 9.138986125665709004e-01
-1.707396982064127400e+01 3.553069824006983168e+01
9.497123916792216125e-01 9.403713004559712090e+02
4.392295120595971269e+00 -1.548900253162355245e-01
4.931908272860370701e+00 7.441948548971143218e+00
5.523681814320795525e+00 6.880639520209321347e+01
-8.626229494119579400e+00 8.443120593037543031e+00
1.236169752558435864e+00 4.248569874217343667e+00
-1.346994934455273629e+00 1.310835765146101339e+00
-2.524163871041301377e+01 2.217383706254559570e+02
-7.796101217807083206e-01 7.781127189342976536e+00
-2.288917084395429402e+00 6.393414969801954229e+00
-5.412130207542703353e+00 2.030057617997169572e+01
-7.710151259531485834e+00 1.078588755616884276e+00
-1.033522340933072492e+00 5.666843775117132331e+00
3.833251979926519226e+00 4.961717480414427062e-01
-4.875686770666257885e+00 1.236284677916240859e+00
8.991287994668493155e+00 2.455363913940181320e+01
6.987444637500387357e-01 7.339419232015106376e-01
-4.258176933368567951e+00 1.759861675734011044e+01
1.752827596298379031e+00 2.160731864438502736e+00
4.862468748733884460e+00 1.952133263913316652e+00
2.883299316507513255e-01 4.737558662283852584e+00
9.201226379756210605e+00 5.373331526936747649e-01
-9.079578492454507099e+00 1.509559295711948153e+02
-2.503878392345411985e+00 -4.871408812218954720e-01
-4.629377298570305221e+00 8.382530339707439104e-02
-6.072447127607982775e-01 8.198422626451872253e-01
-2.670339483049712914e+00 4.220872333930154596e+00
1.159337896295578929e+01 -3.588430184490903896e-02
-4.010934100954465897e+00 3.058341619667661049e-01
3.710560545249220610e+01 1.064410903752009219e+01
-3.633948543243187856e+01 1.810504210219442456e+01
-2.838665520984529067e+00 3.487160158255741180e+02
-9.763166903921063344e-01 2.543470401015168392e+01
4.836063708115088122e-01 4.432197446747956349e+00
-4.630302482235644224e-01 6.963813982355735455e-01
1.281046036823747514e-01 2.862661864119063466e+02
2.397221783951812402e+00 2.082992859368252425e+01
-7.961793158450910290e+00 5.167576797840913727e-01
-2.810822949522873149e+00 6.426552718204312953e+01
5.631288245763112599e+00 1.294898009201709499e+01
-2.038496665094889082e-01 1.761968233924342186e+01
-6.387995148201823348e+00 2.798464728653799583e+01
6.696897752934793502e+00 4.184963161082988492e-02
-2.117013747571235616e+00 5.458021517863040373e+01
2.281813487348510749e-02 2.007953210969956359e+01
1.618814920158595516e+00 5.618184403725279275e-01
-1.389044331056750181e+00 2.462535636167392905e+00
1.717309104106550066e+01 1.886984327668823846e+00
-9.485342501873056387e-02 2.439592259122511209e+01
-2.745889866054535000e-01 1.272594351657801148e+01
9.048332332660073973e-01 1.720550117498331701e+02
-9.881907716695740973e+00 4.170262984769664172e+01
1.142142370640405691e+00 2.488126329716249696e+00
-3.805151008972251780e-01 2.146549713510085056e+01
-4.257087657715992179e+00 2.341603393123038757e+01
1.018839228229208249e+00 5.296805732556145330e+01
3.102808635193647468e+00 5.093960689809715170e+00
-3.875685929250302086e-01 2.563245240117378310e-01
1.499947846921196870e+00 7.262179235119314846e-01
2.421303166025960962e+00 1.320858057096392368e+00
-1.909393351393503302e+00 1.268270666022679727e+01
-8.078414292285974740e-01 3.807561607619099675e+01
-2.957820710175580903e+00 8.190146189760251616e+01
-1.594122874668356671e+00 1.586122554309211008e+00
-3.030076107308443123e-01 5.659014921808179110e+00
1.230409025285050895e+01 2.129383441547063427e+01
-5.138664887443787910e-01 4.609385514706287879e-01
-6.605447514467996939e+00 7.031847904417320194e+01
-2.790801642301254493e+00 2.470364969367821857e+02
-2.751387349667790616e+01 1.746270579867870154e+00
-3.167270892162870943e+00 1.168148712726634919e+01
-7.000795827522334758e-01 4.656681731428983895e+00
1.889121590221874314e+00 9.390367899483567093e-01
-2.474465734323488597e+00 6.972938529719201597e+02
3.608958123846751853e+00 1.551146385359489841e+02
1.184898927039103933e+00 4.701125731666245144e+01
-1.046672651309026092e+00 3.223084871958493691e-01
-3.339492464718991194e+00 5.421694769186791518e+02
1.408418173862484801e+00 1.704884846285454003e+00
4.008119237661307288e+00 8.749627466297829059e-01
-1.013690852350177707e+01 1.407957892986630100e+02
1.178754935681062044e+00 8.290274792853929853e+01
-6.363414310377685901e+00 9.091315261766681033e+02
-6.751900961616232877e-01 1.016481015670103183e+00
-2.133414059438540900e+00 1.848160911545719784e+02
1.555629994382689674e+00 2.539326469346976367e+01
3.163865710479890403e+00 2.608324575228653242e-01
-1.632369374501278614e+00 1.745789703715253083e+01
2.850084552146240569e+01 6.843224871366397899e-01
-5.198272992088262434e+00 5.202916658503917269e+00
2.396040001420118415e+00 7.422897462421701675e+01
1.554165676478392211e+00 4.677654694443055816e-01
2.456060752137080527e+00 8.546099403602301692e+00
9.474227060032690551e-01 1.534866375435773378e+01
-9.418262387926803481e-01 3.254742499426715341e+01
1.100411398328016155e+00 4.380382198418722055e+02
1.191238696745760661e+00 3.332418797265844557e+00
3.177012015849158821e-01 3.544188555959007392e+00
8.296234827250879018e-01 6.959871000451304246e-01
-1.056051569713402927e+01 1.019458650991908577e+00
-2.773816007872654255e-01 6.998840410975612492e-02
5.821345805798388007e-01 -5.453179850968301601e-01
3.396924568240081044e+00 3.348066902401192757e-01
1.207572654075145691e+00 2.686920318819190925e+02
2.004432116023476151e+00 2.124956692635426236e+01
8.668438676248457764e-01 2.231309678864652035e+00
-3.500448695866802851e+00 -6.985961555226587461e-01
-9.612303331300835474e-01 8.030441090070988608e+00
-3.677627752074827949e+00 1.313254726643777914e+01
-1.727122799693263433e+00 8.400809109379308026e+00
-7.972088613071623087e+00 1.291940832442552392e+02
-3.557982188469756668e+00 3.930554086171805039e+01
2.823706358436334773e-01 5.382700509617254214e-01
-1.727730739038780272e-01 3.799386543984529241e-01
-1.822940510576601447e+00 5.425493831133523770e+01
1.286965372397382623e+00 8.126492657737047764e+00
6.039392471682043961e+00 1.210980232917092447e+00
-1.947486682942603187e+00 4.583314347105755360e+01
2.517979371715452164e+00 7.728252386423911657e-01
1.052987061425430859e+01 8.614258202273337162e+00
-1.546371650902473194e+00 2.252084633908995048e+00
-8.449328946043401345e+00 1.177345418959819057e+02
-4.357356602338748885e+00 4.026780908760490263e+01
-2.708448093357276765e+00 4.134766362907288162e+00
1.762626887923068875e-02 5.816577335905114277e-01
-3.623041186297069505e+00 7.588527335831747322e+00
-1.375347849297859915e-01 1.430968567244378931e-01
-3.987785961434845206e+00 7.911082270706779163e+00
-2.491957686806420824e+01 4.918459572666378787e-01
7.687908403760974174e+00 -8.668108463539784259e-01
7.811116200771083262e-01 7.580763034241829068e+00
-1.050085744993394687e+00 1.649994195057131741e+00
-5.888001361312478643e+00 1.199500066475511204e+02
-1.590371153805274052e+00 4.802359151801347537e+01
1.197523735740392858e+01 3.275049102186221717e+01
-1.167987353348888258e+00 6.738858266617062220e+00
2.438959705591927651e-01 1.021140552430277681e+00
6.478588491198329358e-01 5.012877910325910236e-01
-7.615005873324200980e-01 2.916388299702520559e+00
-7.557886466143447501e-01 4.891115930110542109e+01
3.920225845900279782e-01 2.092356842647910753e+01
1.179796285105997811e+01 1.392293919758114953e+02
8.301597409358287827e-01 1.814456092900607054e-01
-1.387228119749883692e-01 -3.762488324990155286e-01
-4.186939041703789943e-01 8.718924687904561210e+01
2.660272943658357203e-01 5.407493102552991537e+00
9.136483217100409560e-01 -4.902244264410657304e-01
-9.536052511332921977e-01 7.830771949346947425e-01
-2.049881923484005330e+00 1.644716958662532313e+00
-8.310102410193371369e+00 9.107586242061896087e+01
-2.441519889814376953e-01 2.128438562011513824e+00
2.319252527354445981e+00 1.256719010004766659e+02
2.728294320167794496e+00 -4.651662831995407310e-01
-9.563186848367214665e+00 1.358072706837899943e+02
3.989014181467541054e+00 5.671773978160066232e-01
2.974032074646232982e+00 1.768213692375801926e+01
1.745426833405859135e+00 1.259959718724213040e+01
1.191184063055684694e-01 6.585996143078973297e+00
9.598600058150046355e-01 -8.041672564323495975e-02
-4.798079984650691188e+00 2.708199924822906013e+01
2.768193854354352723e-01 8.157745651146784960e-01
3.534790370505845658e+00 2.599809555170585540e+01
-5.856205138091539197e+00 1.633980480264928019e+02
1.034703610125909723e+00 9.272615459537942684e+01
1.200602919122389478e+00 2.665217441587401037e+00
-5.202614728683555789e+00 4.893664930986278705e+01
2.575094074762056540e+00 1.003331575161262776e+02
-1.385900509264735847e-01 7.778440955751151797e+00
5.613053427033735110e-01 6.869829710539482548e+00
-1.013415334815082502e+00 5.396266200331023555e-01
3.937914495603586640e-01 -4.940943056140794098e-01
2.457354954797372759e+00 1.877908066064314596e+01
-2.292144072471471361e+01 1.639438888636274783e+01
-3.057093813156562589e+00 8.609270961584446979e+01
3.476036783205092906e+00 4.199112462295573334e-01
1.887054771221648330e+00 -6.192957016761737599e-01
-1.258684267924960842e+01 3.380750141132102016e+01
-8.025905202807842587e-01 3.884156597325311155e-01
-1.824654478439162730e+01 3.116181819942430042e+00
5.736091264726556060e-01 8.043312365261867214e+00
6.963511587463120378e-01 3.066738170625754734e+01
-2.101887243154989093e+00 2.372132247135123606e+00
-1.123537695617509824e+00 1.502895587650339149e-01
-4.956236026589449395e+00 1.206126762359239102e+01
-9.105886134246498287e+00 6.718604503065078726e-02
-1.107555815401181931e+01 4.915111448059962385e+01
2.752996774928384127e+00 1.100637677818848914e+01
2.985304977772695878e-01 -6.204675852452633533e-01
4.354303582698269004e-01 1.708326767038204075e+00
-7.588541274910693524e+00 8.994148809178709314e+01
-6.945649045574397995e-01 6.665868878522314134e+00
1.627208758386757825e+00 1.463446992254845327e+02
-5.311070734792883385e+00 1.443681523682817991e+00
-3.051892437689071258e+00 2.547314550440174798e+02
7.315968831529229277e-01 -4.144994217510525325e-01
-5.322031141742176175e-01 2.208415982356101281e+01
-1.179964412490931736e+01 3.849450497929665538e+00
-2.034886574474961130e+00 1.218193251744604577e+00
-5.445581716957620388e-01 3.917209507069564722e+01
-8.919426332479501340e+00 1.630264891825340214e+02
-1.163223993494289177e+00 8.340838578886121013e+01
-9.867315413265776769e+00 3.046814690897547280e+02
-2.170988570847417698e+00 7.616445310760131804e+01
7.670939177643039120e-01 8.789604719825234724e+01
-1.745689345921254443e+01 7.256053721539847068e+00
4.614119759535533660e+00 -9.947359744469961296e-01
1.592428341181787887e+00 5.217321842783460397e+02
-2.566250966500147968e+01 7.931782817950916886e+00
2.927021469703551038e+00 1.237717916553259130e+02
1.050585582375828775e+00 1.627794873802295705e-01
2.088805220244155381e-01 3.585328257164030106e+02
-3.821277564128739979e-01 1.386462689615834520e+00
1.355544388771829922e-01 -1.264906010332114417e-01
-1.570662723316779363e+00 2.074505595977230712e+02
5.705589133522247502e-01 4.173477052273015886e+01
-3.070916318798589728e+00 8.315302380851798958e-01
-3.208551339228501442e-01 9.495517165801297566e+00
7.680868171124099142e+00 8.379087083622802368e+01
2.632526773517064544e+00 8.812929583571055048e+01
-1.752496847877988095e+00 9.698231334512472657e+00
-3.222056665513087559e+00 9.752902283724682597e-01
-7.086215151573684423e+00 5.750663330960986741e+01
-8.731330202537568308e-02 7.911520719692743064e+00
-1.214534199350663979e+00 1.622948562544967999e-03
-1.114629524113023157e-01 2.100513892494805912e+00
-1.693973920706780323e+00 8.892970394256336064e+00
3.662872477917061165e+00 7.713991241763807238e+00
6.424693347276134725e-01 4.191063599761518654e-01
3.706897842473997895e-01 -1.284310511703566637e-01
-1.946200808651616709e+00 4.014807422339527676e+01
1.266962399607650447e+00 -1.404940755156522947e-01
-4.178760604009552182e+00 2.640414058049335040e+02
-8.209460315236453809e+00 1.631500677745050893e+02
1.896833447099053771e+00 7.796643251524584262e-01
-6.411483752346546439e+00 6.036453765171213570e-01
4.202417892524912268e-02 1.389970345173811905e+00
1.732446656160665066e+00 5.485669768248355282e+00
-7.419713174842200942e+00 1.579637694574596196e+02
1.061373470182357392e+00 4.425682140778187668e-01
-8.014137272190330563e+00 7.120410034965684076e+01
1.381102527258956991e+00 2.805873736225570525e+01
-2.636867346450568306e+00 1.086199375978027959e+01
-2.147045651665868249e+00 8.233490077445724253e+00
-1.392210442945121196e+00 1.962204830974981107e+01
-1.921189602434280053e-01 1.021633791993995111e+01
-2.751946103782251019e+00 6.307099687923744646e+00
-2.966120365723180718e+00 1.793694426960204780e+01
-1.325098538586891372e+01 4.295630459467681135e+02
9.657058425159448234e-01 1.304107846058514895e+02
2.610667959545381223e+00 4.600156772449339737e-01
-2.537416313865458850e+00 1.743490841484154619e-01
5.400303043940800629e-01 3.006378133358498239e-01
3.290927020691505778e+00 2.406296472689744235e+02
3.308597847113229351e-01 1.348615609016779793e+00
-4.561906365249825512e+00 -2.971863659018320614e-01
-1.977428012989971950e+00 1.011641293934894659e+00
1.644826325584432647e+00 7.966609454552295855e-01
1.740915172062623384e+01 1.431955079024021771e+01
1.284259560814348333e+00 6.200523338751631197e-01
-1.014752173885844755e+01 6.772107785609340169e+01
-1.088501073816623199e+00 4.153273857348936282e+00
-1.949762519886736323e-01 3.861207998328748392e-01
5.481071649202055029e-01 4.032390817201861877e-01
8.899798266716043571e+00 2.332142875736523990e+02
-2.659894658174067672e+00 2.693839842031042764e-02
2.797773679085745258e+00 1.902530061167959374e+01
-9.168033806690605303e-01 1.087775653922338925e+01
-4.955218853055296080e+00 2.965824400646409131e+01
7.755750030237713588e+00 1.397142425384172437e+00
-3.607689887217506275e+00 1.437178005711170048e+00
-4.122993510081760071e+00 2.757969024483996634e+01
-9.894900843643272381e+00 2.324264106637152238e+01
-1.033249320397583659e+00 -2.822291347727889921e-02
5.899988781066989318e-01 1.523144363051011041e+01
2.386223393621801137e+00 1.602296576225504054e+02
-3.323716716580848107e+00 4.671036456363959388e+01
-4.372470067517725489e+00 2.232089705330152540e+01
4.009794995130404160e+00 -1.251111579716883249e+00
-1.179978803293756506e+01 2.172343393629467982e+02
1.252118560848245465e-01 1.167555128272999010e+00
-1.286320345809080123e+01 2.686238936024383293e+02
-3.580050439673615470e-01 7.971606645883449360e+00
-1.660140557547273854e+00 3.022452905088399433e+01
3.088124703864853160e+00 7.984416830079759109e-01
9.417301844288332724e-01 3.714109923718557082e-01
1.197083077088823000e+00 5.718816198761605740e+00
-3.255595603628624879e-01 6.265352166338526985e+00
-4.569109008772872293e+00 7.554040134724025357e+00
-1.340924993142487764e+01 1.907771908958130069e+01
1.258748196594537205e+01 1.910604847905516124e+01
2.468621768291362262e+00 2.183285276032259636e-02
-9.550291895147909882e-01 3.260636081924460683e+01
-1.049657568296399557e+00 1.711494165755392416e+01
-4.790434709884818232e-01 6.760166710123793887e-01
2.568237019735715609e+00 1.133224600163406706e+02
1.538333368921737110e+00 1.776053641156397944e+01
-1.562000247028656474e-01 1.117234358036081954e+00
-8.447669788496209309e-01 -8.584313859288927873e-04
2.215455109492731367e+01 2.790391732539118319e+00
-1.533063357688109418e+00 7.344391786373687125e+01
1.831061185281546155e-01 4.190828579585398117e+00
3.250861605557449630e-01 7.308113804555768311e+00
-8.640058835894636191e-01 1.230558537629989235e+00
4.460396022421154782e+01 -1.273275454321229905e-01
-7.481668262892304799e-01 7.241032514809928600e+00
-4.955359529245823014e-01 3.305856235847013380e+00
1.485600662562445962e+01 1.072664350791624877e+01
9.649780288648360127e+00 2.182989537508256319e+02
-4.310201635942204845e+00 3.437222531092818389e+00
1.064466354211027088e+00 2.640402799310024307e+00
-5.128054803163362152e-03 5.088473358064667273e+00
1.598578962704540363e+00 9.146981473267107310e-01
1.874807219965112459e+00 5.286402677373359005e+00
-2.237703966326362703e+00 1.511261137161099999e+00
-3.754532013634269028e+00 -1.306237064597762232e-01
-4.235414489668853477e+00 5.589212625501128073e+00
-3.744430548121584490e+00 5.160069516879720197e+01
-3.303692146737588153e+00 9.934589662261807064e+00
-1.618883461007756819e-01 3.314762398701901258e+00
2.640983668567600251e+00 6.159231958868853241e+01
-1.043037903622451967e+00 1.185532432840784089e+01
-5.702001042044242851e+00 8.899125390000873992e+00
1.258254065068248551e+00 3.405048489156837377e+01
-2.088859931430002703e+01 6.816763542813820465e+00
2.579790104644150706e-01 1.739631491466106794e-01
6.722253529344561773e-01 1.693706872193446955e+01
1.236674261662192187e+01 1.119951266138789370e+00
9.395138976756109983e-01 6.564756574476221829e+01
8.528850308301612060e-01 7.726135013178847544e+01
1.676506406904182001e+01 1.120217954628828849e+01
-6.222225389748628821e+00 9.499294862786409510e+01
-1.512825732727707262e+00 5.084722836346262653e+00
1.233337642994442795e+01 4.224927944135300351e+01
1.405228857378812757e+00 7.751436348182801339e+01
2.995594606622764111e+00 2.525248857699558425e+00
-2.590973845997843750e+00 1.088925632537502786e+01
2.084671310934953503e+00 2.431337745962909302e+00
1.681054788084578866e-01 1.917622764185904316e+01
-1.502180714648590154e+00 2.423306242479146988e+01
-3.269750721669297633e+01 2.314125598510970327e+00
-1.038181555964093450e+00 2.205613450750853133e+00
-9.721851505646617042e-01 -5.872297460929548629e-01
-2.371397133146392555e+00 2.315036528665336824e-01
-1.039897415934933012e+00 4.935005255032709481e-03
-7.564834556266578636e-01 8.966750178995305243e-01
-8.297435132557421156e+00 4.748679399701384796e+01
-6.753904233681743419e-01 5.163553808143436230e-01
-4.865515724225550898e+00 1.272763730708842722e+01
1.059881299772789331e+00 3.934279240532048583e+00
-1.133992937336432583e+01 2.119498708330269210e+01
2.130830944260185600e+00 -3.753174248456368489e-01
-9.804910428012645340e+00 1.763133271224156806e-01
-4.834682740466507145e-01 1.207298324031952603e+02
-7.334917249095391778e-01 9.058014746691430696e-01
-4.808255801156793297e+00 1.632828317860511547e+01
-1.406344124279603092e+00 2.171826416276912419e-01
8.232408653855658454e-01 8.414906038105915975e-01
1.253283628515585280e+00 1.349961827372165679e+01
2.137151206071744580e-01 7.191701722542042319e+00
-3.248065243782708666e+00 1.362424494622389126e+01
-1.006528292209518227e+00 2.520007847178085125e+00
1.157158642452847663e-01 9.806379454310397703e-01
1.836931473491081324e+00 8.814848792719585102e-01
-1.561214753439593039e+00 4.288253410717662861e-02
-1.241129509448391488e+01 1.378888964822603214e+02
2.401196298987924749e+00 2.099521401144287580e+01
-9.838538111237795647e-01 6.279780270092726324e-01
-8.408399423034657261e+00 9.612171371298168765e+01
-2.295497251693196183e+00 1.690466901443225645e+00
1.671753914779244843e+00 -5.122380651811241359e-01
1.019161738286538554e+00 1.581320010354965255e+01
-1.647432682985173003e+01 2.152217724853272784e+00
-7.579330285669445999e+00 6.375363122643152280e+01
3.508244504526210950e+00 3.369955628912795191e+02
-3.135046106697687573e+00 -3.803541942397374864e-01
-5.149808098174936788e+00 2.329272313923974735e+01
-8.062311123722692985e-01 1.887442526896316641e+00
1.746519668522426372e+01 1.551007567691609079e+00
-6.533748652607437535e+00 2.208761914649981506e+00
9.307150302149146626e+00 4.522916041065198733e+00
-4.577160263798355722e+00 3.519343612037173585e+01
-7.183105776028078093e-01 2.791774932101791507e+00
-3.106053478025026848e+00 1.276976693695315923e+01
-1.473819547566037835e+00 6.323641791552200075e+00
1.718734970081551516e+00 2.908367495622447674e+00
6.615637939431127101e-01 -1.251414684624072127e+00
-7.314407104947234783e-02 1.813595645823467351e+01
9.869678074778769350e-01 8.903389532088142744e+01
1.683491080513286553e+00 3.143417565106225098e+01
1.364310775458979830e+00 1.210401612782346703e+01
-1.500486708521428625e+00 2.087095395491069993e+01
8.872952616772761258e-01 3.375628834108312049e+01
-1.299123438799764330e+00 2.754487802189679968e+01
-1.001085041656402197e+01 5.638184524160081423e+00
1.546038862494586041e+01 4.849234371520637410e+00
-9.971065498563331797e-01 1.063570838456002310e+00
6.946139839119004344e-01 4.717348598976057739e-01
-5.924290328758031521e+00 5.591859938841696476e+01
1.865640369552100442e+00 9.353580431973321652e+01
-7.308173863876742393e-01 4.789135969944291027e+00
-1.629770389310521761e+00 3.890004512307666529e-01
-7.475057036979076308e+00 8.683998405914529428e+01
-2.394620706898683782e+00 1.084568758892631450e+02
2.154498755183861469e+00 -1.200238789792544003e-01
-3.462017364991755830e+00 1.208547415406005676e+01
-2.597613964493430405e+00 2.690612123187671756e+01
-2.147926798036230434e+00 2.787287126802567983e+01
-7.161996221660213990e+00 5.130331435948567531e+01
-4.960869212202051415e+01 4.029339250409825581e+02
-9.444913321368249015e+00 3.924410926031033569e+02
-4.390982777495396894e-01 3.212040429329570568e+00
-1.075659006189694455e+00 4.981124486350440606e+01
-3.159350199093998057e+00 1.403820114120208729e+01
-1.673593275661580648e+01 1.096174110024443848e+02
-1.220148653941895311e+01 2.896252977667767681e+01
1.787610374503471933e+00 2.023562175177735512e+00
-4.945761225173868070e-01 -3.884869713067427011e-01
-2.583162925773024909e+01 -2.125557639069521054e-01
-1.934371823737827789e+00 4.547662132869264795e+00
1.111475945393752163e+00 1.038291495669808606e-01
1.786259106226385285e+00 5.572290320063705948e+00
1.094011366391197271e+01 4.161142101538258586e+00
-2.045294603027014713e-01 9.154957797975706413e+00
-3.561903641836756673e+00 5.343403046477819629e+01
-2.092728514350762348e-01 7.080627820374186809e-01
-1.824118943161245232e+00 1.678145624292202154e+00
-3.084636573818372973e+00 1.221293757063665630e+01
4.924960053470548438e-01 -3.213043449915858885e-01
1.803571739989886424e+01 9.457413118023174547e+01
-6.061612779930138917e-01 1.801789134341754473e+00
-5.733320700258810465e-01 6.870235177968817553e-01
-1.007182738645354192e+01 2.235481294039450120e+02
-6.895015283199239065e+00 4.980793343323472300e+01
-3.356977857139952892e+00 3.142070718591794503e+02
1.758931930188706971e+00 6.550682118810843058e+00
1.640716376034717428e+00 6.256454331435279670e+01
-3.773255739152149957e+00 1.909965433296311232e+01
1.359050772722837808e+00 -2.314154705876170781e-01
-4.052919381073388116e+00 1.932718852520650188e+01
-7.528601499662621599e-01 1.670923892705205915e+01
2.187862341745113515e+00 2.058399423941688511e+00
-5.314685888215300302e+00 3.353613779803833239e+01
-1.918389520801708414e+01 1.677564349697346691e+00
-7.667347808472019244e-02 3.096804545890902816e+00
-1.378645423835666683e+00 -3.429946714179743505e-02
-2.899131589268177045e+00 3.025078491041027178e+02
-1.071998288211059303e-01 2.789703545743595470e+00
-4.886941560882608115e+00 1.419823874111748729e+01
-3.980581193598153322e-01 4.595524781902752265e-01
3.538329003468967215e+01 3.821428626646499738e-01
-2.032688240677104741e+00 3.053429686201708293e+00
-8.052784506647803209e-01 3.614298401351281886e-01
-9.619359114374734787e+00 1.393274318228812092e+02
-5.900333353106218759e+00 1.041410733766321706e-01
1.190645283340845850e+00 3.285407652420455626e+00
2.292794834010274396e-01 8.252038349076588064e-01
1.922496255894781403e-01 1.466273164778819860e+00
2.554447112009649246e+00 6.728937633018322595e-02
1.174602975143847594e+00 8.907233941098919860e-01
1.422992690955613648e+00 1.821138435643925302e+00
-2.503436295826405811e+00 1.331382834095551182e+01
-9.266345177608962258e-01 1.679011344728712052e+00
-2.793263862942793274e+00 9.599652739978212779e+00
1.423639997537915480e+00 1.200107000876431407e+01
-1.096468326128918536e+00 2.994606667349256668e+02
3.389509913804014118e-01 1.598982666325918234e-02
-1.625042281157005331e-01 -7.693776610643986436e-01
-1.257996339713155542e+01 3.859066621322224933e+01
1.792437309204674367e+00 2.520534767715913449e-01
1.337155729980286090e+00 -3.637614389763192402e-01
-1.729811431456263149e+00 3.853609773375509029e+00
-2.283673303700524571e+00 6.515258798365650250e+01
-7.731506443959785813e+00 2.327419344542664703e+01
-3.529307624055039394e+00 4.703271154127791220e+01
5.941670039944124682e-01 -5.014515803919012971e-01
1.218843389757705564e+00 1.092372283355612206e+00
-1.223280395221978623e+00 1.462064070312378838e+00
3.829109901930611848e+00 2.062804348372204721e+00
-6.553440165399425865e+00 5.181425730077182834e+01
5.142479440596503526e-01 2.934376945810450721e-01
8.076313646254847711e+00 6.272740654179327358e-01
-5.409930235126256370e+00 4.967014889894797847e+01
1.656141933752979867e+01 -3.494211718038198744e-01
-1.217498156569327694e+00 2.728164522342581932e+01
1.782051702096351775e+00 1.149993825368785361e+00
-2.026408383937002178e+00 1.173899133678835582e+01
2.656703296454368868e+00 5.994467764255380082e-01
-1.267891313630069572e+00 1.381095713464542740e+00
-1.430132729284527748e+01 9.273837211845984640e+00
2.027766181702273851e+00 1.821497839912334493e+00
-6.633224679119535061e+00 4.255443245357459858e+01
4.941237425403394390e+00 1.280094515592275854e+02
-5.789766348504772342e-01 2.225314603585313122e+01
-1.940743731059718868e+00 9.340059826652508335e+00
2.658684206710949738e+00 9.513597302588006954e+00
5.653724516527213195e-01 2.600418464265695118e+00
-1.129709013101553694e+00 1.792641311220864786e+00
-6.315539703075416789e-01 1.879536836350789741e+01
4.901351800495460376e-01 3.950969862425365520e+00
8.179916520385418499e-01 2.309518232077465072e+01
2.651943479037399132e-01 -7.445539436959230928e-01
3.872376593527278588e-01 2.188770807621522430e+00
1.069001653853872469e+00 9.369858157478998528e-01
-5.534109556490711679e-01 1.608128361004294460e+00
-1.417610716907384472e+01 2.407935203099997068e+02
-3.315375614863180331e+00 1.332646284219837440e+01
-4.174844316857387660e+00 1.346217639543460898e+01
2.948155874050831571e+00 4.410846904885078743e+02
1.770157664412656651e+00 7.022780039065213309e+00
-1.066681348650569916e+01 4.893970906348492633e+00
-8.283388042224864023e+00 8.497886057750116606e+01
5.925468954124807119e+00 1.052566113138189223e+02
-3.195670478787858482e+00 8.295999848195068083e+00
1.360481558368818344e+00 2.937663241380640056e+00
-6.366152157454185723e-01 4.081556409497195546e+02
3.932459187317689953e+00 2.157210149317642378e-01
-9.848789394997138624e-02 2.938951520843735565e+00
1.704254309087256614e+00 8.010908535238122852e+01
-4.051943773142839156e+00 9.187970864450413444e+00
-3.267583123277708612e-01 8.673425753006076988e+00
-4.239941239185118782e-01 8.272089343549021123e+01
-4.943260369506482732e+00 2.047457662046267401e+01
-1.719209676096259187e+00 3.387056068014523635e+00
-2.551923858641877985e+00 3.155171422488376898e+00
5.254279164497910326e-01 -3.768506804103544106e-01
-2.996176552991930198e+00 1.084837718704042260e+02
-2.522566937040310542e+00 3.349053520464004841e+00
2.262994469907569917e-02 8.941294839645825832e-01
-1.633218278572913107e+01 6.907441880086535093e+02
-8.727862214775088390e+00 1.357574566181644471e+01
6.051571570822673607e+00 1.174661870789765672e+01
-6.511690797475986336e+00 8.531311500400569514e+01
6.323084989525193933e+00 1.384330490075445397e+01
2.587038689058723140e+00 1.915986725823986658e+00
-5.211554396457294125e+00 1.779799529805517295e+02
-8.868892873346794659e+00 1.031998104417634607e+02
-1.359331663081831287e+00 9.932515720027372819e-01
-3.414877319489837415e+00 -4.688608247901632220e-01
9.123017197010893753e+00 1.090917076309677824e+01
-3.111572297748125826e-01 2.705413305106047162e+00
1.578178205721992633e+00 2.300350428961604621e+01
1.845901393130684243e+00 1.623949197087885821e-01
1.571547143885162257e+00 -2.026042558016823703e-01
5.292928531692684402e-01 2.278941921969696249e+00
2.711503097730254552e+00 7.309864482170636890e+00
8.923633575087350778e-01 1.074341226246078529e+00
2.397804615755878999e+00 5.008000828861770337e+00
-2.007770091298926474e+00 4.246924876568216156e+00
1.082961665684155861e+00 -2.389563625940845926e-01
-2.945088017458384400e+01 3.604948249575519640e+03
-7.544962206564653329e+00 -5.057992815355639715e-01
9.026909549288678392e+00 3.622516514693085696e+02
2.224697340284191860e+00 5.083573971065138153e+01
7.140653879859582887e+00 5.093875441538256332e+00
4.266021174742339106e+00 4.195914685722851978e+00
9.916933815306487876e-01 -5.604670718901867410e-01
1.933152105833841228e+00 -9.930730547965165300e-01
-5.101898916142926232e-01 1.326218826221109026e+01
-4.802690883883367512e+00 2.776312094477925285e+01
1.526671233792427973e+00 2.208484468161605818e+00
-8.130330809244259438e-01 1.548561593431403427e+00
-5.933482512189805824e+00 2.205983077809774429e+01
2.286748861413406164e+00 3.349242375974439767e+01
-1.299609653033296119e+01 -1.384076661919765860e-01
-4.527364317305987984e-01 9.509933994608185115e-01
-1.211660631263038912e+00 1.748495671822529403e+02
3.353578442667664916e+00 2.081194780452804149e+00
-3.322327195048677684e+00 7.878934839597525830e+00
-2.535866047176963400e-01 -8.967558511817319555e-02
-9.888413086810542652e+00 3.082339562433451192e+02
7.851880688662217445e+00 3.143981757376845376e+00
1.312875183660620060e+00 4.993525829368769542e-01
-4.410248383477156919e-02 9.408016219476211361e+00
-2.138596737573458029e+00 1.075144841287391273e+01
2.018147021529409724e+00 2.614821164929336916e+01
4.220821154397881081e+00 1.852995876890243254e+00
-9.166989103896922231e+00 4.089714722520412238e+00
3.127644797912184860e+00 9.754038336313934465e+00
-1.359985998577182054e+00 2.253095671947629342e+01
-4.684825560097888308e-01 1.343454040380408721e+00
5.257837515695616970e-01 8.951914285774936753e-02
-9.958256156395941971e+00 1.249827182928603406e+02
-2.596205301767288365e+00 2.104355909740007746e+01
1.349045881543877057e+00 -1.341926819676855231e-01
-1.871169758098951696e+00 4.853622851392872306e+00
7.604703031770692068e-01 5.260262285803920079e+00
-9.905086502424355066e-01 1.078226464035216825e+00
2.848821157810507376e+00 4.849420727513863660e+00
-2.762684689654498538e+00 5.005870524023477230e+01
-6.739215705129487866e+00 4.280067915365011544e+01
3.747511763289281816e-01 -7.628542401022501140e-01
1.272300471510831921e+00 9.797837022099151749e-01
1.395130770995476110e+00 1.223370714439230567e-01
-5.119162692397038583e+00 1.691679491109376343e+01
-7.023664230819783860e+00 1.358509768481088145e+02
-3.905962257297167728e+00 8.044446934140800920e-01
2.051950616724360632e+00 3.003058002287536943e-01
-1.003956898867380820e+00 2.614462861157031526e+00
1.924622470418832165e+00 1.953548297351513341e+01
1.321092862638607368e+00 -2.754586054216235508e-02
1.308167871369671387e+00 -1.009171902895578121e+00
2.591154560092697068e+00 1.923999034500651462e+01
-2.569468554912919700e+00 3.130126588346622896e+01
1.058298387073131508e+00 1.535221094041798517e+00
-8.984997910391353537e-01 4.761165673355899131e+00
-1.151045770702059379e+01 1.879761649512247601e+01
1.038939016734294452e+00 3.211656697079686928e+00
4.765042839075982473e-01 3.976884089085848117e-01
6.094742437839085758e-01 3.180420761404119556e+00
-9.795450162241699843e+00 3.091638005074731765e+01
2.473390029261181011e-01 7.610757674709026643e-01
7.709125618524063084e-01 -1.994769497844792183e-01
1.476403450139550655e+00 -4.050351406197520987e-01
1.470300362014212325e+00 -4.073958965228515194e-01
-8.094555668172800367e+00 1.372095117737037242e+02
1.049897013014743363e+00 7.599481993765571097e-01
1.178437006146358934e+00 3.192142513737946441e+00
8.252192103162468984e-01 1.493653751145255342e+02
-3.054982754877558104e+00 1.809397223610270444e+01
-7.956236877566787769e+00 9.294893607205496266e+01
-2.238194646400500254e+00 9.678065100904372997e+00
1.789349225673799948e+00 1.054451395566388960e+01
-3.194713941825083392e+00 6.232297432749365207e+00
-1.961714902831508400e+00 1.077986498300052531e+01
-6.354980582629354835e-01 4.711525924147490496e-01
2.350027097512203067e+00 -6.755178590008525941e-01
-2.190512271112986298e+00 3.530577777048431898e+01
8.009369374338838332e-01 8.485688160776742039e-01
1.857301526988893725e-01 2.055199951193630858e-01
2.088036617042715815e+00 1.719849372930126563e+01
2.215060336744500091e+00 1.720212019672219839e+01
2.438827193320141085e-01 5.562133357860852279e-01
-7.206132293640365560e+00 2.128033393915740490e+01
-3.358670134557423026e+00 1.673566738073809068e+00
-3.122530238777425637e+00 1.684498162503014429e+00
-1.420110942535276477e+00 1.358882539758201702e+01
-1.114360685237908655e+01 3.153450130868050110e+02
-6.766432343652726278e-01 1.303760040880200144e+00
-3.890057773091281090e-01 1.862869216261335836e-01
-1.031720963391417500e+00 3.556362401133846873e+01
9.357554197856485789e-01 4.145022200660748446e+00
1.382018188631410904e-01 3.666580809215195247e-01
1.329907136611359952e+00 9.682608514194302529e+01
-5.906295086232937308e+00 2.175497713344631379e+01
1.185969165099403533e+01 -3.002113524472669326e-01
-1.003979911467121067e-01 9.746172667830920178e-01
-5.780910004631833132e+00 2.242982271653553994e+02
-7.527545957212971039e-01 4.074817292327291840e-01
-1.193054979292542050e+01 2.929861854544378730e+02
9.911483440583884752e-01 2.894172217226067900e+01
5.687374216782177250e+00 1.507982616767814577e+01
-3.856463177450412783e+00 7.306925020616626298e+00
-3.855961785888950111e+00 2.072528519318174389e+01
-2.060149253005462455e+01 1.027681984569693157e+02
-6.965336456283472977e+00 1.742093154502866614e+00
1.192547765261686266e+00 4.899976471666799838e-01
-2.755069543059502468e+00 9.608003112548588831e+01
2.503770023999684069e-01 -2.876858066929623425e-01
-3.960720198722166074e+00 7.456066134420344937e-01
-5.084283786923224913e-01 1.027646990521234294e+01
1.377143568131060203e+00 8.639397369482632039e-01
7.385278903319083543e-01 1.777068989176516567e+01
-1.268684842159610304e-01 4.494207000600922441e+01
-1.280246613356007757e+00 1.410700885514621028e+01
-1.799018362230135892e+00 8.624327121970420507e+00
1.218734430469975649e+00 -2.211975338177807338e-01
-1.823758653881631631e+01 1.366445470260426021e+01
2.230563075118781935e+00 6.826949066988436066e+00
-3.477949760341580987e-02 4.155505449206976509e-01
2.565992571953081836e+00 1.249133742783862022e+00
-2.902399298805059313e+00 2.351169537617199623e+01
8.499049795105386718e-01 7.869543492246219296e-01
-2.447617549080206345e+00 1.065063414102732864e+01
-5.681964027295500763e+00 5.183691166165107944e+01
-8.997374087475001891e-02 4.525027367234407683e-01
1.653332299671210093e+00 6.623281956203921350e-01
-1.086666104251020393e+00 4.303151482015896256e+00
2.898634190936537625e-01 1.579499485031355555e+01
9.736644475227202999e-01 3.747462957486448198e-01
-2.504668615432728451e+00 8.098495622772251323e+00
4.230098381146426556e-01 4.151686842224890928e-01
-1.461056800948387746e+00 1.195517121026004048e+01
1.794933212894397778e+00 1.441848951470894313e+00
-1.736543842827604545e+00 1.271729327602424853e+00
-6.713036569229100081e+00 4.189424256866620766e+01
7.386539178416787754e-01 7.329164437980570934e-01
3.230544292138983198e-01 2.808479071040428376e-01
7.145881168195206135e-01 2.532663748912889190e+01
-1.109399378388002333e+01 1.562738807801069640e+02
-7.472206268245108696e+00 9.883442004444098927e+00
1.257343199398272438e+00 4.175971845068294774e-01
1.864090933547836837e+00 1.644982040310585480e+00
4.536893633895320854e-01 3.269920395080655462e-01
2.333658658554365051e+00 6.492661946716236798e+01
5.498196008882201724e+00 6.770111834484252356e+00
1.448723863000480838e+00 2.043543754963217651e+01
1.518721494980997289e+00 1.892939714853963906e+01
-1.680083663908456870e+00 1.337477131865772995e+00
-2.582487468698249522e+00 5.878103161994497441e+02
7.102634466147987879e-01 2.568385673451638240e+01
3.331454643332643073e-01 6.074379801373345211e-01
2.753187397540834525e+00 1.468412675712897340e+02
5.317920854741358117e-01 -7.062785748852744572e-01
-1.677610161423272128e+00 1.534936255350581469e+01
2.938271868814649412e+00 2.936287097885625741e+01
-3.217890438740961812e-01 1.015213911922161216e+01
-8.797011288197678081e-01 1.094346739232174626e+00
-1.149302318537389178e+00 3.397926220416104925e+00
-1.130097167350074372e+00 7.308489416351886980e+00
1.042486416133123583e+01 4.056736426994625333e+01
1.986412842675610246e+00 6.994623363686024220e+00
8.956149563585995566e+00 1.359214316366238240e+00
-5.139999949524952649e-01 1.901633124690012551e+02
1.165995014815923270e+00 2.045840460414853901e-01
-1.476652731420033859e+01 8.821813586054734913e+01
-1.025659581867866654e+00 4.078396390402756921e+00
-3.651296693580875719e+00 1.375181275384115409e+01
-7.844396387065903919e-01 3.745737958993659689e+00
-1.247007859961661147e+01 5.910943362440963966e+01
3.632533491252046831e-01 6.529700230916509085e+00
1.704148356892743355e+00 -3.355160743002749690e-02
8.495851987226650248e-01 9.368801748142379093e-01
-1.516118072359206592e-01 6.027564527288090668e-01
1.887519513203514876e+01 5.260641369222418540e-01
5.454122277032050548e+00 9.080267385780073752e+00
-2.468227452372449893e+00 6.939999707747915636e+00
-1.581465762285551024e+00 7.829805493372219871e+00
-1.656762213602733880e+01 -4.317689083930514871e-02
-6.115709062214541802e+00 5.737951164462300824e+01
-6.192804547070800414e-01 2.337590495934425761e+01
-2.851149204910270463e+00 1.165202744394378875e+01
1.863885618559881774e+00 5.857938828699147393e+00
2.211105386829520736e+00 1.883577146855986584e+01
-5.033702448881697933e+00 2.051574082235457785e-01
-6.159604716212599307e+00 2.046703653151867641e+00
2.158217787417709754e+00 7.727204706132876133e+00
-1.970532199220893954e+00 4.230417346910356535e+00
-5.561254105158932592e-01 -2.654327098375928728e-01
-2.190373842142611593e+01 1.277423990094741413e+02
-2.034555854550117004e+00 4.761970403196973223e+01
1.865650849959268331e+00 2.306381471955228690e+00
-1.332502529777812139e+00 3.657199543613886661e+00
5.523797098985905318e-01 -4.006919005132841827e-02
9.272327181483757119e-01 9.864775352700081434e-01
-7.367648815499093784e-01 1.129138225643424249e+02
1.503234729729320041e+00 2.450872685966787312e+00
1.989671378552290371e+00 2.801005743391285829e+00
-1.066027559693943694e+00 4.541972967504653846e-01
1.713094673344396135e+00 3.866035981417348832e+00
-7.644321523125895412e-01 1.853549377795085817e+01
-6.590138786145804062e+00 2.921532786298277173e+01
-7.636668459070317105e-01 7.995153769239988772e-01
-3.345643770097793457e+00 1.329211068709237793e+02
-4.989981221206934769e+00 3.968820981176310880e+01
-2.082320662114850673e+00 1.823268052384221960e+00
4.304921134772930813e+00 -4.700565202507306917e-01
-1.153024565949430924e+00 1.990139548659061575e+01
6.022278778267083688e+00 1.648170141782780429e-01
1.230185328644444187e+00 3.767708910949336687e+00
2.778612401860849901e-01 2.432851590715667811e+00
3.063230448857787169e-01 5.539692748653915366e+00
1.354454156607095561e+00 1.935253526922114276e+01
-5.919255689498230666e+00 3.349682168650365810e+01
6.541716485127605507e-01 -4.322000958020602024e-01
1.179908983954280677e+00 2.374702634858515959e-01
-7.898888941555990417e-01 1.635299434188504764e+00
1.521678722203661849e+00 1.080861903007636071e+00
9.481978645191379007e-01 4.852252551267279834e-01
